Keeping CC event types
Saving PEGLEG info: False 
Bin size: 1.000000 GeV 
Max Count Per Bin: 30000 events 
Energy Range: 5.000000 - 150.000000 
Starting cut: start_DC 
Ending cut: all_end 
Shuffling: False 
Keeping event types: CC
Total events this file: 152876
Total events saved: 30540, Saved this file: 30540, Finsihed file: /mnt/scratch/micall12/training_files/NuMu_140000_000000_level2_sim4.zst_precleaning_lt200_NOvertex_IC19.hdf5
[  0.   0.   0.   0.   0.   0.   0. 222. 242. 258. 264. 278. 265. 257.
 294. 284. 304. 300. 313. 289. 306. 332. 341. 296. 349. 347. 337. 352.
 337. 355. 374. 384. 367. 358. 381. 361. 358. 366. 380. 361. 345. 367.
 357. 367. 378. 316. 273. 325. 283. 278. 301. 262. 308. 290. 296. 276.
 272. 304. 287. 303. 311. 311. 300. 292. 283. 302. 274. 324. 268. 299.
 293. 288. 324. 263. 295. 279. 283. 308. 303. 341. 308. 301. 283. 314.
 317. 302. 292. 329. 292. 319. 291. 298. 311. 304. 308.  69.  58.  63.
  57.  66.  62.  60.  65.  70.  80.  53.  68.  66.  72.  58.  64.  59.
  61.  60.  76.  64.  70.  69.  62.  67.  69.  74.  60.  72.  64.  73.
  63.  77.  76.  59.  83.  61.  63.  53.  56.  59.  68.  66.  73.  45.
  55.  68.  47.  73.  54.]
Total events this file: 153256
Total events saved: 61222, Saved this file: 30682, Finsihed file: /mnt/scratch/micall12/training_files/NuMu_140000_000001_level2_sim4.zst_precleaning_lt200_NOvertex_IC19.hdf5
[  0.   0.   0.   0.   0.   0.   0. 435. 463. 523. 515. 538. 525. 527.
 603. 594. 619. 593. 629. 624. 655. 665. 687. 631. 679. 702. 673. 687.
 677. 732. 758. 749. 716. 683. 731. 709. 748. 725. 769. 791. 705. 695.
 752. 761. 739. 631. 602. 619. 566. 570. 607. 559. 639. 570. 600. 557.
 582. 578. 603. 561. 617. 626. 599. 570. 557. 622. 558. 615. 578. 618.
 607. 542. 642. 550. 595. 581. 563. 585. 598. 634. 614. 617. 560. 619.
 628. 600. 606. 623. 582. 637. 592. 582. 610. 628. 615. 136. 118. 132.
 138. 128. 116. 119. 148. 135. 142. 101. 134. 136. 128. 106. 130. 118.
 122. 124. 141. 123. 115. 139. 127. 124. 127. 128. 134. 131. 136. 134.
 117. 144. 154. 121. 141. 119. 137. 129. 134. 115. 128. 126. 127. 112.
 114. 130. 118. 136. 129.]
Total events this file: 152771
Total events saved: 91639, Saved this file: 30417, Finsihed file: /mnt/scratch/micall12/training_files/NuMu_140000_000002_level2_sim4.zst_precleaning_lt200_NOvertex_IC19.hdf5
[   0.    0.    0.    0.    0.    0.    0.  640.  696.  785.  773.  797.
  785.  794.  911.  898.  925.  885.  942.  947.  976. 1010. 1021. 1018.
 1002. 1054.  997. 1039. 1021. 1106. 1100. 1093. 1028. 1042. 1095. 1068.
 1137. 1053. 1097. 1198. 1033. 1055. 1146. 1153. 1141.  916.  890.  888.
  868.  872.  903.  848.  923.  872.  887.  805.  873.  867.  898.  869.
  891.  906.  914.  864.  861.  928.  883.  921.  868.  902.  898.  861.
  914.  856.  918.  867.  851.  873.  903.  921.  927.  927.  870.  944.
  917.  861.  895.  925.  861.  966.  898.  892.  895.  913.  911.  194.
  184.  190.  192.  183.  181.  176.  214.  193.  195.  173.  187.  198.
  209.  163.  195.  181.  192.  182.  188.  178.  191.  203.  199.  190.
  190.  185.  202.  177.  206.  204.  181.  207.  214.  191.  208.  181.
  203.  197.  198.  184.  199.  191.  197.  184.  179.  209.  179.  200.
  200.]
Total events this file: 152280
Total events saved: 121944, Saved this file: 30305, Finsihed file: /mnt/scratch/micall12/training_files/NuMu_140000_000003_level2_sim4.zst_precleaning_lt200_NOvertex_IC19.hdf5
[   0.    0.    0.    0.    0.    0.    0.  875.  916. 1047. 1044. 1074.
 1071. 1084. 1223. 1200. 1215. 1189. 1275. 1244. 1287. 1315. 1323. 1402.
 1321. 1373. 1349. 1357. 1387. 1450. 1420. 1423. 1373. 1398. 1421. 1400.
 1491. 1426. 1474. 1551. 1399. 1421. 1517. 1524. 1495. 1201. 1152. 1165.
 1128. 1147. 1198. 1155. 1266. 1114. 1177. 1063. 1175. 1171. 1201. 1132.
 1194. 1242. 1223. 1168. 1175. 1219. 1199. 1184. 1182. 1192. 1199. 1162.
 1210. 1164. 1203. 1151. 1135. 1161. 1212. 1197. 1202. 1211. 1178. 1235.
 1214. 1179. 1203. 1237. 1166. 1252. 1178. 1214. 1231. 1227. 1204.  258.
  262.  249.  274.  259.  245.  248.  285.  263.  266.  239.  247.  250.
  273.  220.  252.  244.  255.  248.  260.  242.  260.  268.  261.  249.
  257.  261.  266.  249.  263.  258.  253.  274.  278.  251.  277.  242.
  264.  268.  256.  233.  268.  266.  261.  246.  236.  267.  235.  269.
  267.]
Total events this file: 152460
Total events saved: 151965, Saved this file: 30021, Finsihed file: /mnt/scratch/micall12/training_files/NuMu_140000_000004_level2_sim4.zst_precleaning_lt200_NOvertex_IC19.hdf5
[   0.    0.    0.    0.    0.    0.    0. 1073. 1143. 1259. 1303. 1331.
 1367. 1328. 1490. 1467. 1510. 1478. 1562. 1580. 1595. 1652. 1655. 1711.
 1644. 1691. 1679. 1664. 1727. 1799. 1787. 1798. 1747. 1738. 1792. 1774.
 1871. 1795. 1871. 1898. 1767. 1770. 1884. 1873. 1846. 1513. 1440. 1471.
 1403. 1447. 1507. 1467. 1563. 1377. 1461. 1370. 1442. 1453. 1486. 1400.
 1504. 1553. 1527. 1449. 1457. 1510. 1523. 1460. 1473. 1482. 1475. 1458.
 1497. 1453. 1510. 1424. 1420. 1486. 1519. 1451. 1477. 1509. 1481. 1531.
 1477. 1442. 1482. 1521. 1474. 1565. 1471. 1513. 1547. 1542. 1496.  319.
  334.  307.  339.  319.  321.  309.  341.  319.  315.  304.  311.  321.
  343.  293.  315.  317.  310.  307.  329.  306.  323.  337.  340.  308.
  344.  330.  331.  312.  338.  331.  332.  351.  342.  302.  335.  305.
  317.  324.  312.  292.  333.  325.  319.  314.  303.  339.  302.  329.
  338.]
Total events this file: 79444
Total events saved: 169277, Saved this file: 17312, Finsihed file: /mnt/scratch/micall12/training_files/NuMu_140000_000005_level2_sim4.zst_precleaning_lt200_NOvertex_IC19.hdf5
[   0.    0.    0.    0.    0.    0.    0. 1288. 1386. 1517. 1578. 1594.
 1673. 1559. 1772. 1775. 1824. 1756. 1891. 1908. 1917. 1958. 1958. 2053.
 1976. 2020. 2018. 2007. 2061. 2162. 2130. 2154. 2087. 2079. 2200. 2128.
 2212. 2149. 2217. 2268. 2160. 2128. 2220. 2224. 2231. 1548. 1471. 1504.
 1432. 1483. 1544. 1509. 1596. 1414. 1500. 1410. 1489. 1494. 1529. 1442.
 1544. 1587. 1556. 1481. 1491. 1544. 1562. 1491. 1512. 1513. 1504. 1497.
 1551. 1495. 1550. 1460. 1456. 1518. 1560. 1486. 1510. 1541. 1525. 1565.
 1501. 1485. 1519. 1561. 1516. 1596. 1519. 1561. 1577. 1582. 1519.  387.
  412.  361.  391.  381.  380.  375.  399.  371.  366.  370.  370.  381.
  404.  346.  364.  383.  368.  373.  396.  384.  392.  408.  408.  374.
  411.  400.  391.  387.  402.  395.  405.  415.  398.  372.  389.  369.
  376.  387.  377.  358.  399.  391.  373.  371.  376.  406.  367.  378.
  402.]
Total events this file: 79403
Total events saved: 186646, Saved this file: 17369, Finsihed file: /mnt/scratch/micall12/training_files/NuMu_140000_000006_level2_sim4.zst_precleaning_lt200_NOvertex_IC19.hdf5
[   0.    0.    0.    0.    0.    0.    0. 1479. 1628. 1765. 1846. 1860.
 1928. 1855. 2094. 2071. 2141. 2034. 2208. 2235. 2268. 2296. 2286. 2386.
 2339. 2351. 2381. 2365. 2370. 2539. 2468. 2508. 2418. 2422. 2544. 2476.
 2588. 2498. 2573. 2621. 2548. 2495. 2600. 2579. 2597. 1585. 1514. 1530.
 1464. 1519. 1578. 1548. 1629. 1453. 1532. 1445. 1522. 1537. 1560. 1467.
 1583. 1614. 1592. 1522. 1536. 1585. 1603. 1530. 1557. 1555. 1543. 1540.
 1589. 1534. 1583. 1493. 1481. 1554. 1588. 1525. 1542. 1572. 1550. 1598.
 1539. 1518. 1564. 1593. 1548. 1647. 1555. 1595. 1607. 1622. 1549.  457.
  463.  412.  448.  444.  441.  435.  459.  448.  434.  439.  441.  438.
  474.  405.  425.  455.  456.  431.  453.  438.  455.  467.  456.  429.
  473.  458.  462.  448.  463.  459.  481.  470.  468.  442.  458.  415.
  448.  454.  445.  435.  473.  455.  428.  432.  422.  472.  434.  442.
  457.]
Total events this file: 147212
Total events saved: 206911, Saved this file: 20265, Finsihed file: /mnt/scratch/micall12/training_files/NuMu_140000_000007_level2_sim4.zst_precleaning_lt200_NOvertex_IC19.hdf5
[   0.    0.    0.    0.    0.    0.    0. 1520. 1672. 1812. 1910. 1918.
 1969. 1897. 2150. 2128. 2200. 2096. 2265. 2299. 2328. 2360. 2333. 2454.
 2407. 2425. 2452. 2435. 2435. 2592. 2540. 2558. 2472. 2493. 2615. 2555.
 2661. 2557. 2639. 2681. 2609. 2552. 2668. 2647. 2667. 1894. 1818. 1828.
 1770. 1841. 1879. 1842. 1914. 1747. 1826. 1714. 1793. 1852. 1865. 1744.
 1879. 1901. 1864. 1796. 1817. 1881. 1875. 1803. 1865. 1839. 1850. 1834.
 1879. 1819. 1884. 1779. 1789. 1843. 1870. 1796. 1822. 1875. 1863. 1902.
 1844. 1810. 1875. 1917. 1835. 1960. 1871. 1895. 1915. 1944. 1844.  506.
  537.  482.  512.  507.  500.  499.  518.  504.  497.  495.  512.  499.
  548.  471.  490.  519.  525.  507.  519.  511.  516.  522.  533.  482.
  527.  530.  520.  509.  533.  535.  538.  532.  532.  520.  513.  474.
  503.  508.  516.  484.  533.  515.  495.  502.  485.  531.  493.  510.
  529.]
Total events this file: 126958
Total events saved: 233990, Saved this file: 27079, Finsihed file: /mnt/scratch/micall12/training_files/NuMu_140000_000008_level2_sim4.zst_precleaning_lt200_NOvertex_IC19.hdf5
[   0.    0.    0.    0.    0.    0.    0. 1714. 1904. 2074. 2164. 2170.
 2267. 2195. 2438. 2417. 2500. 2407. 2588. 2595. 2646. 2695. 2683. 2771.
 2728. 2759. 2823. 2785. 2804. 2971. 2890. 2894. 2786. 2828. 2993. 2909.
 2997. 2902. 3007. 3020. 2976. 2941. 3061. 3042. 3025. 2195. 2125. 2106.
 2058. 2128. 2148. 2115. 2184. 2034. 2122. 1974. 2087. 2148. 2185. 2057.
 2164. 2202. 2163. 2070. 2103. 2172. 2167. 2063. 2155. 2127. 2134. 2132.
 2182. 2126. 2152. 2095. 2092. 2140. 2149. 2125. 2116. 2153. 2162. 2218.
 2155. 2105. 2195. 2224. 2134. 2242. 2148. 2200. 2209. 2259. 2144.  506.
  537.  482.  512.  507.  500.  499.  518.  504.  497.  495.  512.  499.
  548.  471.  490.  519.  525.  507.  519.  511.  516.  522.  533.  482.
  527.  530.  520.  509.  533.  535.  538.  532.  532.  520.  513.  474.
  503.  508.  516.  484.  533.  515.  495.  502.  485.  531.  493.  510.
  529.]
Total events this file: 155963
Total events saved: 261140, Saved this file: 27150, Finsihed file: /mnt/scratch/micall12/training_files/NuMu_140000_000009_level2_sim4.zst_precleaning_lt200_NOvertex_IC19.hdf5
[   0.    0.    0.    0.    0.    0.    0. 1932. 2125. 2296. 2422. 2434.
 2536. 2490. 2747. 2739. 2800. 2726. 2896. 2930. 2949. 3051. 3028. 3110.
 3057. 3106. 3149. 3134. 3146. 3309. 3240. 3219. 3114. 3191. 3322. 3286.
 3335. 3269. 3360. 3403. 3336. 3291. 3435. 3371. 3389. 2490. 2403. 2376.
 2380. 2445. 2453. 2368. 2477. 2316. 2432. 2281. 2379. 2443. 2480. 2359.
 2459. 2480. 2440. 2346. 2413. 2474. 2453. 2369. 2438. 2403. 2440. 2457.
 2510. 2416. 2441. 2384. 2399. 2456. 2465. 2428. 2436. 2443. 2476. 2529.
 2432. 2420. 2485. 2527. 2409. 2504. 2458. 2490. 2509. 2570. 2448.  506.
  537.  482.  512.  507.  500.  499.  518.  504.  497.  495.  512.  499.
  548.  471.  490.  519.  525.  507.  519.  511.  516.  522.  533.  482.
  527.  530.  520.  509.  533.  535.  538.  532.  532.  520.  513.  474.
  503.  508.  516.  484.  533.  515.  495.  502.  485.  531.  493.  510.
  529.]
Total events this file: 180714
Total events saved: 291384, Saved this file: 30244, Finsihed file: /mnt/scratch/micall12/training_files/NuMu_140000_000010_level2_sim4.zst_precleaning_lt200_NOvertex_IC19.hdf5
[   0.    0.    0.    0.    0.    0.    0. 2128. 2357. 2520. 2681. 2676.
 2826. 2774. 3037. 3012. 3127. 3040. 3174. 3239. 3254. 3370. 3389. 3438.
 3408. 3456. 3494. 3504. 3509. 3633. 3598. 3547. 3463. 3561. 3656. 3640.
 3706. 3653. 3725. 3731. 3728. 3660. 3784. 3747. 3751. 2770. 2715. 2684.
 2660. 2750. 2726. 2693. 2758. 2623. 2730. 2556. 2646. 2726. 2780. 2647.
 2732. 2772. 2728. 2653. 2723. 2762. 2770. 2667. 2758. 2689. 2716. 2754.
 2830. 2723. 2735. 2675. 2665. 2760. 2717. 2726. 2737. 2745. 2754. 2826.
 2745. 2703. 2774. 2810. 2720. 2817. 2753. 2789. 2812. 2870. 2761.  571.
  604.  536.  569.  583.  564.  572.  593.  568.  563.  565.  590.  557.
  613.  546.  559.  576.  585.  576.  577.  582.  587.  585.  620.  554.
  604.  579.  580.  560.  602.  590.  584.  599.  604.  577.  567.  538.
  563.  568.  563.  527.  601.  570.  557.  571.  557.  593.  555.  567.
  582.]
Total events this file: 152864
Total events saved: 321589, Saved this file: 30205, Finsihed file: /mnt/scratch/micall12/training_files/NuMu_140000_000011_level2_sim4.zst_precleaning_lt200_NOvertex_IC19.hdf5
[   0.    0.    0.    0.    0.    0.    0. 2336. 2597. 2772. 2958. 2952.
 3099. 3043. 3308. 3295. 3419. 3324. 3477. 3542. 3559. 3732. 3740. 3794.
 3714. 3781. 3829. 3835. 3858. 3999. 3941. 3889. 3809. 3914. 4020. 3992.
 4104. 4022. 4095. 4095. 4058. 4005. 4161. 4091. 4118. 3048. 3003. 2974.
 2930. 3025. 3008. 2974. 3068. 2913. 3022. 2830. 2935. 3007. 3086. 2964.
 3020. 3038. 3046. 2958. 3030. 3073. 3061. 2953. 3039. 2965. 3003. 3059.
 3128. 3033. 3032. 2982. 2931. 3032. 2980. 3016. 3061. 3038. 3032. 3113.
 3048. 3013. 3060. 3109. 3055. 3125. 3059. 3105. 3092. 3173. 3076.  637.
  678.  593.  626.  653.  629.  639.  649.  632.  632.  634.  663.  621.
  678.  610.  626.  636.  646.  637.  659.  656.  651.  656.  692.  623.
  677.  639.  646.  633.  665.  659.  654.  670.  652.  640.  622.  595.
  633.  629.  622.  591.  662.  631.  609.  625.  613.  658.  625.  636.
  645.]
Total events this file: 137728
Total events saved: 349325, Saved this file: 27736, Finsihed file: /mnt/scratch/micall12/training_files/NuMu_140000_000012_level2_sim4.zst_precleaning_lt200_NOvertex_IC19.hdf5
[   0.    0.    0.    0.    0.    0.    0. 2553. 2805. 3011. 3204. 3221.
 3323. 3305. 3585. 3547. 3691. 3613. 3760. 3815. 3841. 4018. 4052. 4109.
 4053. 4085. 4150. 4155. 4184. 4278. 4270. 4199. 4130. 4226. 4329. 4296.
 4435. 4345. 4447. 4439. 4399. 4342. 4499. 4397. 4459. 3321. 3249. 3237.
 3178. 3261. 3306. 3218. 3333. 3171. 3276. 3081. 3218. 3277. 3369. 3229.
 3307. 3279. 3326. 3208. 3317. 3346. 3307. 3203. 3320. 3217. 3275. 3337.
 3381. 3285. 3326. 3224. 3186. 3306. 3268. 3255. 3332. 3309. 3314. 3379.
 3314. 3315. 3343. 3391. 3319. 3389. 3323. 3369. 3345. 3443. 3320.  697.
  747.  642.  691.  722.  696.  710.  735.  688.  692.  700.  718.  682.
  756.  685.  701.  705.  706.  706.  722.  711.  708.  724.  750.  683.
  739.  700.  717.  709.  727.  719.  706.  731.  703.  697.  674.  649.
  708.  695.  682.  639.  720.  681.  680.  701.  659.  742.  700.  701.
  697.]
Total events this file: 137005
Total events saved: 376767, Saved this file: 27442, Finsihed file: /mnt/scratch/micall12/training_files/NuMu_140000_000013_level2_sim4.zst_precleaning_lt200_NOvertex_IC19.hdf5
[   0.    0.    0.    0.    0.    0.    0. 2761. 3005. 3215. 3413. 3469.
 3585. 3556. 3865. 3830. 3958. 3919. 4032. 4111. 4138. 4301. 4344. 4394.
 4363. 4414. 4452. 4490. 4513. 4598. 4603. 4488. 4450. 4549. 4646. 4618.
 4767. 4668. 4743. 4764. 4727. 4683. 4842. 4726. 4784. 3573. 3501. 3520.
 3435. 3535. 3557. 3472. 3576. 3430. 3522. 3348. 3476. 3547. 3612. 3492.
 3553. 3535. 3615. 3461. 3588. 3627. 3582. 3477. 3577. 3479. 3533. 3571.
 3627. 3581. 3591. 3483. 3413. 3555. 3535. 3522. 3588. 3586. 3555. 3634.
 3586. 3559. 3616. 3652. 3569. 3635. 3565. 3637. 3607. 3714. 3628.  766.
  815.  705.  763.  787.  756.  777.  808.  746.  761.  756.  782.  744.
  836.  750.  776.  781.  772.  763.  786.  776.  765.  784.  812.  749.
  798.  750.  789.  776.  792.  787.  766.  786.  761.  755.  742.  718.
  776.  758.  749.  703.  786.  747.  734.  766.  713.  811.  755.  760.
  757.]
Total events this file: 162691
Total events saved: 404803, Saved this file: 28036, Finsihed file: /mnt/scratch/micall12/training_files/NuMu_140000_000014_level2_sim4.zst_precleaning_lt200_NOvertex_IC19.hdf5
[   0.    0.    0.    0.    0.    0.    0. 2985. 3248. 3459. 3652. 3728.
 3865. 3854. 4137. 4147. 4238. 4230. 4350. 4446. 4440. 4665. 4658. 4735.
 4711. 4769. 4778. 4831. 4857. 4922. 4952. 4836. 4789. 4893. 4988. 4961.
 5145. 4998. 5082. 5144. 5076. 5038. 5220. 5079. 5160. 3879. 3794. 3822.
 3737. 3817. 3857. 3729. 3896. 3728. 3839. 3690. 3756. 3857. 3903. 3803.
 3850. 3836. 3910. 3745. 3884. 3935. 3877. 3778. 3845. 3793. 3813. 3845.
 3920. 3903. 3928. 3772. 3675. 3834. 3843. 3829. 3865. 3917. 3865. 3933.
 3870. 3845. 3877. 3959. 3857. 3953. 3895. 3923. 3897. 4015. 3924.  782.
  831.  718.  782.  803.  776.  798.  829.  758.  776.  766.  801.  754.
  850.  773.  797.  798.  788.  782.  800.  793.  788.  800.  827.  766.
  814.  764.  810.  788.  809.  807.  786.  805.  775.  768.  764.  730.
  799.  772.  778.  721.  806.  763.  751.  788.  731.  827.  775.  775.
  778.]
Total events this file: 166782
Total events saved: 432192, Saved this file: 27389, Finsihed file: /mnt/scratch/micall12/training_files/NuMu_140000_000015_level2_sim4.zst_precleaning_lt200_NOvertex_IC19.hdf5
[   0.    0.    0.    0.    0.    0.    0. 3189. 3467. 3690. 3878. 3939.
 4152. 4091. 4390. 4407. 4503. 4505. 4637. 4717. 4730. 4961. 4943. 5053.
 5012. 5082. 5086. 5126. 5149. 5238. 5258. 5170. 5127. 5230. 5325. 5291.
 5511. 5306. 5422. 5485. 5406. 5362. 5542. 5399. 5465. 4142. 4046. 4082.
 3984. 4031. 4118. 4004. 4162. 3975. 4101. 3946. 4017. 4121. 4184. 4081.
 4105. 4100. 4172. 4028. 4139. 4207. 4127. 4049. 4094. 4058. 4073. 4122.
 4194. 4141. 4193. 4012. 3926. 4108. 4131. 4087. 4151. 4167. 4145. 4199.
 4142. 4129. 4130. 4215. 4129. 4198. 4131. 4154. 4141. 4280. 4167.  850.
  879.  792.  834.  871.  850.  853.  904.  826.  827.  838.  867.  821.
  921.  826.  867.  854.  857.  847.  863.  843.  856.  856.  875.  845.
  874.  830.  868.  853.  875.  876.  856.  876.  846.  829.  821.  787.
  863.  840.  830.  795.  872.  822.  802.  854.  784.  902.  829.  868.
  836.]
Total events this file: 165572
Total events saved: 459795, Saved this file: 27603, Finsihed file: /mnt/scratch/micall12/training_files/NuMu_140000_000016_level2_sim4.zst_precleaning_lt200_NOvertex_IC19.hdf5
[   0.    0.    0.    0.    0.    0.    0. 3381. 3665. 3933. 4125. 4154.
 4382. 4338. 4680. 4688. 4754. 4778. 4928. 4984. 5057. 5257. 5256. 5374.
 5355. 5389. 5375. 5422. 5482. 5538. 5605. 5488. 5461. 5578. 5663. 5601.
 5868. 5633. 5740. 5817. 5733. 5712. 5857. 5711. 5803. 4398. 4310. 4353.
 4257. 4289. 4378. 4263. 4399. 4215. 4358. 4207. 4295. 4396. 4429. 4300.
 4359. 4321. 4450. 4279. 4402. 4488. 4384. 4304. 4362. 4335. 4318. 4373.
 4440. 4415. 4462. 4279. 4198. 4370. 4400. 4355. 4435. 4445. 4426. 4439.
 4393. 4431. 4396. 4479. 4400. 4475. 4384. 4425. 4400. 4516. 4427.  912.
  943.  862.  894.  932.  903.  919.  953.  901.  890.  887.  932.  890.
  983.  897.  926.  917.  931.  902.  926.  893.  921.  925.  935.  910.
  939.  896.  939.  907.  952.  933.  927.  944.  916.  909.  883.  857.
  925.  907.  892.  844.  933.  899.  867.  912.  857.  969.  904.  923.
  900.]
Total events this file: 166629
Total events saved: 487285, Saved this file: 27490, Finsihed file: /mnt/scratch/micall12/training_files/NuMu_140000_000017_level2_sim4.zst_precleaning_lt200_NOvertex_IC19.hdf5
[   0.    0.    0.    0.    0.    0.    0. 3577. 3877. 4167. 4359. 4382.
 4634. 4624. 4967. 4942. 5028. 5037. 5245. 5265. 5375. 5557. 5548. 5649.
 5650. 5698. 5660. 5751. 5820. 5881. 5914. 5807. 5779. 5920. 5966. 5910.
 6168. 5991. 6080. 6171. 6083. 6056. 6185. 6029. 6133. 4628. 4574. 4602.
 4521. 4547. 4650. 4503. 4653. 4476. 4610. 4466. 4519. 4654. 4697. 4553.
 4606. 4573. 4713. 4546. 4647. 4745. 4642. 4570. 4616. 4602. 4579. 4641.
 4735. 4681. 4728. 4549. 4468. 4633. 4706. 4619. 4699. 4733. 4657. 4722.
 4644. 4702. 4675. 4724. 4671. 4728. 4663. 4668. 4660. 4749. 4665.  984.
 1001.  925.  950. 1006.  953.  989. 1021.  962.  950.  945. 1001.  949.
 1034.  954.  993.  981.  997.  946.  993.  967.  998.  991. 1004.  972.
 1005.  963. 1004.  969. 1010. 1005.  993. 1026.  973.  983.  939.  919.
  989.  957.  945.  910.  989.  954.  921.  981.  922. 1037.  985.  985.
  958.]
Total events this file: 166477
Total events saved: 514789, Saved this file: 27504, Finsihed file: /mnt/scratch/micall12/training_files/NuMu_140000_000018_level2_sim4.zst_precleaning_lt200_NOvertex_IC19.hdf5
[   0.    0.    0.    0.    0.    0.    0. 3773. 4087. 4381. 4600. 4606.
 4858. 4863. 5229. 5198. 5318. 5305. 5535. 5563. 5656. 5844. 5865. 5953.
 5961. 5989. 5976. 6092. 6143. 6205. 6260. 6125. 6101. 6243. 6288. 6218.
 6489. 6333. 6412. 6492. 6441. 6406. 6532. 6337. 6470. 4887. 4863. 4855.
 4737. 4796. 4906. 4752. 4924. 4738. 4905. 4705. 4773. 4885. 4936. 4807.
 4865. 4818. 4960. 4825. 4919. 5009. 4897. 4816. 4890. 4871. 4881. 4905.
 5010. 4931. 4996. 4802. 4723. 4921. 4965. 4880. 4952. 5002. 4946. 4980.
 4908. 4979. 4904. 5015. 4941. 4977. 4918. 4919. 4909. 5047. 4902. 1053.
 1060.  988. 1026. 1073. 1017. 1059. 1089. 1010. 1001. 1020. 1063. 1018.
 1096. 1009. 1055. 1037. 1058. 1007. 1069. 1037. 1057. 1044. 1078. 1051.
 1080. 1024. 1065. 1029. 1085. 1072. 1061. 1094. 1047. 1032. 1004.  999.
 1040. 1028. 1009.  972. 1039. 1008.  984. 1042.  979. 1097. 1049. 1050.
 1026.]
Total events this file: 155736
Total events saved: 541785, Saved this file: 26996, Finsihed file: /mnt/scratch/micall12/training_files/NuMu_140000_000019_level2_sim4.zst_precleaning_lt200_NOvertex_IC19.hdf5
[   0.    0.    0.    0.    0.    0.    0. 3971. 4337. 4617. 4886. 4877.
 5123. 5147. 5529. 5470. 5616. 5635. 5838. 5867. 5983. 6182. 6186. 6298.
 6301. 6344. 6307. 6439. 6480. 6511. 6606. 6522. 6485. 6613. 6609. 6561.
 6824. 6687. 6782. 6855. 6798. 6766. 6887. 6689. 6861. 5177. 5140. 5126.
 5029. 5100. 5210. 4977. 5172. 5063. 5190. 4997. 5074. 5156. 5252. 5087.
 5169. 5115. 5227. 5134. 5222. 5323. 5204. 5111. 5193. 5154. 5170. 5190.
 5296. 5246. 5272. 5079. 5050. 5220. 5292. 5161. 5231. 5287. 5246. 5278.
 5218. 5304. 5205. 5299. 5214. 5270. 5224. 5243. 5207. 5334. 5168. 1053.
 1060.  988. 1026. 1073. 1017. 1059. 1089. 1010. 1001. 1020. 1063. 1018.
 1096. 1009. 1055. 1037. 1058. 1007. 1069. 1037. 1057. 1044. 1078. 1051.
 1080. 1024. 1065. 1029. 1085. 1072. 1061. 1094. 1047. 1032. 1004.  999.
 1040. 1028. 1009.  972. 1039. 1008.  984. 1042.  979. 1097. 1049. 1050.
 1026.]
Total events this file: 148354
Total events saved: 568495, Saved this file: 26710, Finsihed file: /mnt/scratch/micall12/training_files/NuMu_140000_000020_level2_sim4.zst_precleaning_lt200_NOvertex_IC19.hdf5
[   0.    0.    0.    0.    0.    0.    0. 4158. 4587. 4851. 5152. 5157.
 5405. 5419. 5830. 5747. 5915. 5936. 6141. 6210. 6288. 6484. 6544. 6649.
 6607. 6644. 6649. 6789. 6818. 6868. 6938. 6887. 6831. 6975. 6930. 6889.
 7160. 7034. 7151. 7222. 7150. 7116. 7259. 7027. 7196. 5439. 5394. 5416.
 5330. 5387. 5534. 5281. 5472. 5370. 5478. 5286. 5384. 5448. 5547. 5385.
 5448. 5402. 5496. 5432. 5494. 5612. 5517. 5411. 5472. 5405. 5495. 5476.
 5597. 5541. 5549. 5371. 5321. 5515. 5571. 5441. 5538. 5572. 5530. 5576.
 5513. 5615. 5540. 5605. 5503. 5559. 5523. 5515. 5492. 5628. 5466. 1053.
 1060.  988. 1026. 1073. 1017. 1059. 1089. 1010. 1001. 1020. 1063. 1018.
 1096. 1009. 1055. 1037. 1058. 1007. 1069. 1037. 1057. 1044. 1078. 1051.
 1080. 1024. 1065. 1029. 1085. 1072. 1061. 1094. 1047. 1032. 1004.  999.
 1040. 1028. 1009.  972. 1039. 1008.  984. 1042.  979. 1097. 1049. 1050.
 1026.]
Total events this file: 155957
Total events saved: 595997, Saved this file: 27502, Finsihed file: /mnt/scratch/micall12/training_files/NuMu_140000_000021_level2_sim4.zst_precleaning_lt200_NOvertex_IC19.hdf5
[   0.    0.    0.    0.    0.    0.    0. 4361. 4817. 5134. 5419. 5430.
 5676. 5691. 6137. 6042. 6226. 6273. 6497. 6541. 6622. 6793. 6871. 6989.
 6926. 6962. 6961. 7163. 7152. 7244. 7267. 7243. 7174. 7346. 7285. 7285.
 7511. 7409. 7484. 7595. 7545. 7473. 7621. 7385. 7580. 5727. 5680. 5704.
 5615. 5680. 5833. 5583. 5786. 5687. 5786. 5575. 5673. 5774. 5847. 5702.
 5742. 5722. 5832. 5724. 5784. 5917. 5816. 5709. 5760. 5699. 5807. 5782.
 5885. 5843. 5861. 5652. 5643. 5804. 5854. 5756. 5826. 5897. 5820. 5867.
 5794. 5916. 5837. 5911. 5818. 5835. 5816. 5804. 5798. 5931. 5763. 1053.
 1060.  988. 1026. 1073. 1017. 1059. 1089. 1010. 1001. 1020. 1063. 1018.
 1096. 1009. 1055. 1037. 1058. 1007. 1069. 1037. 1057. 1044. 1078. 1051.
 1080. 1024. 1065. 1029. 1085. 1072. 1061. 1094. 1047. 1032. 1004.  999.
 1040. 1028. 1009.  972. 1039. 1008.  984. 1042.  979. 1097. 1049. 1050.
 1026.]
Total events this file: 105716
Total events saved: 609789, Saved this file: 13792, Finsihed file: /mnt/scratch/micall12/training_files/NuMu_140000_000022_level2_sim4.zst_precleaning_lt200_NOvertex_IC19.hdf5
[   0.    0.    0.    0.    0.    0.    0. 4369. 4839. 5145. 5434. 5444.
 5703. 5709. 6147. 6062. 6245. 6291. 6512. 6554. 6644. 6814. 6891. 7009.
 6939. 6991. 6987. 7188. 7172. 7267. 7291. 7262. 7196. 7365. 7310. 7306.
 7533. 7435. 7508. 7617. 7565. 7494. 7639. 7406. 7610. 5958. 5925. 5961.
 5902. 5927. 6102. 5843. 6050. 5942. 6038. 5814. 5912. 6056. 6128. 5950.
 6013. 5962. 6093. 5992. 6049. 6188. 6107. 5938. 5993. 5987. 6065. 6044.
 6153. 6090. 6106. 5918. 5905. 6095. 6109. 6009. 6099. 6177. 6088. 6162.
 6025. 6182. 6111. 6152. 6068. 6111. 6120. 6065. 6059. 6165. 5998. 1053.
 1060.  988. 1026. 1073. 1017. 1059. 1089. 1010. 1001. 1020. 1063. 1018.
 1096. 1009. 1055. 1037. 1058. 1007. 1069. 1037. 1057. 1044. 1078. 1051.
 1080. 1024. 1065. 1029. 1085. 1072. 1061. 1094. 1047. 1032. 1004.  999.
 1040. 1028. 1009.  972. 1039. 1008.  984. 1042.  979. 1097. 1049. 1050.
 1026.]
Total events this file: 162144
Total events saved: 637526, Saved this file: 27737, Finsihed file: /mnt/scratch/micall12/training_files/NuMu_140000_000023_level2_sim4.zst_precleaning_lt200_NOvertex_IC19.hdf5
[   0.    0.    0.    0.    0.    0.    0. 4612. 5074. 5383. 5680. 5742.
 6011. 5943. 6425. 6350. 6557. 6592. 6822. 6880. 6970. 7153. 7236. 7339.
 7235. 7330. 7316. 7525. 7542. 7619. 7661. 7618. 7529. 7774. 7639. 7678.
 7878. 7763. 7860. 7976. 7930. 7845. 8013. 7766. 7955. 6261. 6210. 6232.
 6177. 6226. 6415. 6135. 6340. 6244. 6357. 6102. 6190. 6356. 6399. 6244.
 6293. 6269. 6388. 6302. 6330. 6486. 6393. 6224. 6302. 6249. 6351. 6355.
 6408. 6375. 6395. 6200. 6224. 6402. 6374. 6319. 6399. 6484. 6393. 6471.
 6310. 6468. 6420. 6430. 6376. 6417. 6414. 6392. 6351. 6464. 6270. 1062.
 1073. 1002. 1048. 1083. 1028. 1066. 1105. 1028. 1020. 1033. 1079. 1028.
 1111. 1021. 1068. 1052. 1072. 1024. 1079. 1054. 1074. 1065. 1090. 1059.
 1088. 1039. 1080. 1050. 1100. 1090. 1084. 1112. 1054. 1040. 1029. 1023.
 1054. 1037. 1024.  984. 1055. 1028.  998. 1055.  998. 1115. 1059. 1063.
 1036.]
Total events this file: 161950
Total events saved: 665399, Saved this file: 27873, Finsihed file: /mnt/scratch/micall12/training_files/NuMu_140000_000024_level2_sim4.zst_precleaning_lt200_NOvertex_IC19.hdf5
[   0.    0.    0.    0.    0.    0.    0. 4825. 5326. 5647. 5912. 6015.
 6302. 6237. 6725. 6626. 6878. 6896. 7117. 7189. 7284. 7484. 7565. 7665.
 7558. 7647. 7652. 7875. 7911. 7978. 8045. 7966. 7882. 8131. 7999. 8018.
 8246. 8099. 8250. 8343. 8292. 8228. 8362. 8118. 8337. 6541. 6502. 6514.
 6428. 6512. 6708. 6433. 6624. 6510. 6641. 6404. 6477. 6647. 6718. 6516.
 6565. 6564. 6704. 6627. 6629. 6764. 6690. 6501. 6606. 6556. 6639. 6662.
 6716. 6690. 6699. 6543. 6520. 6707. 6657. 6638. 6663. 6774. 6674. 6785.
 6617. 6791. 6719. 6691. 6666. 6770. 6718. 6688. 6651. 6750. 6530. 1072.
 1080. 1019. 1057. 1094. 1041. 1079. 1124. 1046. 1035. 1051. 1098. 1048.
 1121. 1034. 1081. 1066. 1085. 1036. 1089. 1075. 1091. 1081. 1108. 1074.
 1104. 1058. 1097. 1062. 1111. 1106. 1100. 1122. 1064. 1058. 1058. 1034.
 1062. 1049. 1035.  997. 1066. 1052. 1012. 1066. 1006. 1122. 1075. 1084.
 1045.]
Total events this file: 82312
Total events saved: 679502, Saved this file: 14103, Finsihed file: /mnt/scratch/micall12/training_files/NuMu_140000_000025_level2_sim4.zst_precleaning_lt200_NOvertex_IC19.hdf5
[   0.    0.    0.    0.    0.    0.    0. 5016. 5577. 5899. 6177. 6297.
 6545. 6526. 7027. 6899. 7170. 7200. 7406. 7525. 7616. 7787. 7902. 8028.
 7877. 7980. 8034. 8220. 8298. 8298. 8406. 8317. 8239. 8481. 8320. 8353.
 8592. 8473. 8641. 8682. 8601. 8587. 8752. 8481. 8705. 6577. 6539. 6547.
 6457. 6543. 6743. 6463. 6669. 6545. 6669. 6439. 6516. 6681. 6749. 6564.
 6604. 6596. 6741. 6672. 6662. 6798. 6725. 6541. 6641. 6586. 6675. 6696.
 6756. 6726. 6736. 6591. 6553. 6741. 6695. 6675. 6696. 6802. 6700. 6824.
 6651. 6839. 6752. 6734. 6700. 6802. 6751. 6724. 6694. 6788. 6570. 1072.
 1080. 1019. 1057. 1094. 1041. 1079. 1124. 1046. 1035. 1051. 1098. 1048.
 1121. 1034. 1081. 1066. 1085. 1036. 1089. 1075. 1091. 1081. 1108. 1074.
 1104. 1058. 1097. 1062. 1111. 1106. 1100. 1122. 1064. 1058. 1058. 1034.
 1062. 1049. 1035.  997. 1066. 1052. 1012. 1066. 1006. 1122. 1075. 1084.
 1045.]
Total events this file: 102333
Total events saved: 696005, Saved this file: 16503, Finsihed file: /mnt/scratch/micall12/training_files/NuMu_140000_000026_level2_sim4.zst_precleaning_lt200_NOvertex_IC19.hdf5
[   0.    0.    0.    0.    0.    0.    0. 5221. 5790. 6152. 6440. 6582.
 6833. 6790. 7307. 7207. 7482. 7490. 7719. 7821. 7931. 8125. 8247. 8367.
 8226. 8306. 8389. 8567. 8631. 8612. 8774. 8672. 8585. 8825. 8679. 8695.
 8951. 8850. 8995. 9054. 8932. 8962. 9120. 8870. 9043. 6614. 6575. 6584.
 6490. 6586. 6790. 6505. 6702. 6574. 6701. 6476. 6543. 6714. 6782. 6595.
 6637. 6644. 6779. 6709. 6701. 6834. 6759. 6580. 6670. 6625. 6706. 6732.
 6792. 6757. 6755. 6615. 6589. 6776. 6743. 6711. 6725. 6829. 6743. 6869.
 6686. 6878. 6782. 6765. 6723. 6844. 6788. 6764. 6729. 6828. 6610. 1123.
 1136. 1068. 1104. 1131. 1095. 1128. 1182. 1103. 1080. 1099. 1155. 1107.
 1159. 1072. 1119. 1116. 1132. 1079. 1136. 1129. 1144. 1139. 1151. 1116.
 1154. 1102. 1139. 1107. 1147. 1151. 1141. 1162. 1120. 1105. 1108. 1084.
 1104. 1096. 1087. 1046. 1116. 1100. 1080. 1118. 1047. 1175. 1122. 1149.
 1092.]
Total events this file: 151291
Total events saved: 722035, Saved this file: 26030, Finsihed file: /mnt/scratch/micall12/training_files/NuMu_140000_000027_level2_sim4.zst_precleaning_lt200_NOvertex_IC19.hdf5
[   0.    0.    0.    0.    0.    0.    0. 5453. 6012. 6370. 6681. 6808.
 7114. 7055. 7605. 7482. 7789. 7804. 8003. 8139. 8237. 8456. 8574. 8691.
 8552. 8617. 8732. 8875. 8995. 8922. 9137. 8967. 8955. 9164. 9024. 9018.
 9278. 9180. 9352. 9386. 9281. 9301. 9476. 9261. 9399. 6903. 6829. 6882.
 6774. 6888. 7053. 6781. 6964. 6838. 6986. 6755. 6817. 6983. 7053. 6844.
 6921. 6900. 7074. 7001. 6970. 7108. 7048. 6884. 6936. 6882. 7012. 7028.
 7112. 7033. 7051. 6888. 6917. 7079. 7013. 6987. 7025. 7118. 7025. 7147.
 6964. 7157. 7070. 7050. 7000. 7135. 7039. 7037. 7030. 7130. 6914. 1123.
 1136. 1068. 1104. 1131. 1095. 1128. 1182. 1103. 1080. 1099. 1155. 1107.
 1159. 1072. 1119. 1116. 1132. 1079. 1136. 1129. 1144. 1139. 1151. 1116.
 1154. 1102. 1139. 1107. 1147. 1151. 1141. 1162. 1120. 1105. 1108. 1084.
 1104. 1096. 1087. 1046. 1116. 1100. 1080. 1118. 1047. 1175. 1122. 1149.
 1092.]
Total events this file: 154581
Total events saved: 748874, Saved this file: 26839, Finsihed file: /mnt/scratch/micall12/training_files/NuMu_140000_000028_level2_sim4.zst_precleaning_lt200_NOvertex_IC19.hdf5
[   0.    0.    0.    0.    0.    0.    0. 5667. 6216. 6599. 6959. 7050.
 7417. 7343. 7898. 7781. 8086. 8092. 8320. 8472. 8561. 8784. 8937. 9010.
 8898. 8951. 9069. 9204. 9323. 9294. 9472. 9295. 9318. 9514. 9384. 9390.
 9640. 9584. 9700. 9742. 9621. 9628. 9858. 9625. 9738. 7186. 7120. 7136.
 7048. 7178. 7359. 7084. 7247. 7132. 7254. 7021. 7114. 7298. 7315. 7133.
 7198. 7192. 7394. 7298. 7261. 7415. 7333. 7181. 7246. 7201. 7296. 7281.
 7402. 7328. 7368. 7163. 7177. 7352. 7307. 7292. 7284. 7418. 7322. 7460.
 7253. 7448. 7359. 7342. 7301. 7443. 7320. 7348. 7336. 7447. 7188. 1123.
 1136. 1068. 1104. 1131. 1095. 1128. 1182. 1103. 1080. 1099. 1155. 1107.
 1159. 1072. 1119. 1116. 1132. 1079. 1136. 1129. 1144. 1139. 1151. 1116.
 1154. 1102. 1139. 1107. 1147. 1151. 1141. 1162. 1120. 1105. 1108. 1084.
 1104. 1096. 1087. 1046. 1116. 1100. 1080. 1118. 1047. 1175. 1122. 1149.
 1092.]
Total events this file: 156561
Total events saved: 776012, Saved this file: 27138, Finsihed file: /mnt/scratch/micall12/training_files/NuMu_140000_000029_level2_sim4.zst_precleaning_lt200_NOvertex_IC19.hdf5
[    0.     0.     0.     0.     0.     0.     0.  5883.  6421.  6820.
  7235.  7317.  7696.  7610.  8180.  8064.  8370.  8411.  8610.  8790.
  8858.  9087.  9313.  9334.  9250.  9307.  9399.  9549.  9644.  9650.
  9836.  9672.  9684.  9841.  9729.  9725.  9986.  9930. 10099. 10102.
  9977.  9999. 10228. 10008. 10089.  7465.  7426.  7400.  7375.  7440.
  7631.  7363.  7562.  7431.  7523.  7326.  7431.  7593.  7617.  7445.
  7528.  7487.  7687.  7576.  7541.  7722.  7633.  7450.  7557.  7494.
  7574.  7594.  7706.  7618.  7686.  7462.  7482.  7635.  7584.  7603.
  7584.  7725.  7655.  7750.  7536.  7740.  7690.  7631.  7621.  7766.
  7617.  7651.  7628.  7719.  7494.  1123.  1136.  1068.  1104.  1131.
  1095.  1128.  1182.  1103.  1080.  1099.  1155.  1107.  1159.  1072.
  1119.  1116.  1132.  1079.  1136.  1129.  1144.  1139.  1151.  1116.
  1154.  1102.  1139.  1107.  1147.  1151.  1141.  1162.  1120.  1105.
  1108.  1084.  1104.  1096.  1087.  1046.  1116.  1100.  1080.  1118.
  1047.  1175.  1122.  1149.  1092.]
Total events this file: 155580
Total events saved: 803206, Saved this file: 27194, Finsihed file: /mnt/scratch/micall12/training_files/NuMu_140000_000030_level2_sim4.zst_precleaning_lt200_NOvertex_IC19.hdf5
[    0.     0.     0.     0.     0.     0.     0.  6090.  6650.  7050.
  7466.  7596.  7977.  7889.  8439.  8396.  8703.  8700.  8934.  9116.
  9187.  9370.  9664.  9703.  9592.  9633.  9733.  9921.  9971. 10014.
 10203. 10020. 10023. 10199. 10063. 10073. 10350. 10318. 10444. 10475.
 10360. 10320. 10591. 10386. 10434.  7762.  7714.  7695.  7672.  7735.
  7907.  7664.  7847.  7722.  7819.  7675.  7685.  7871.  7925.  7745.
  7810.  7779.  7982.  7859.  7818.  8022.  7913.  7732.  7856.  7767.
  7905.  7899.  8015.  7919.  7976.  7751.  7782.  7925.  7901.  7907.
  7925.  8022.  7932.  8056.  7847.  8026.  7995.  7940.  7893.  8053.
  7916.  7989.  7929.  8007.  7812.  1123.  1136.  1068.  1104.  1131.
  1095.  1128.  1182.  1103.  1080.  1099.  1155.  1107.  1159.  1072.
  1119.  1116.  1132.  1079.  1136.  1129.  1144.  1139.  1151.  1116.
  1154.  1102.  1139.  1107.  1147.  1151.  1141.  1162.  1120.  1105.
  1108.  1084.  1104.  1096.  1087.  1046.  1116.  1100.  1080.  1118.
  1047.  1175.  1122.  1149.  1092.]
Total events this file: 154382
Total events saved: 830048, Saved this file: 26842, Finsihed file: /mnt/scratch/micall12/training_files/NuMu_140000_000031_level2_sim4.zst_precleaning_lt200_NOvertex_IC19.hdf5
[    0.     0.     0.     0.     0.     0.     0.  6311.  6874.  7318.
  7727.  7842.  8265.  8182.  8744.  8680.  8969.  9017.  9224.  9413.
  9508.  9687. 10007. 10040.  9932.  9970. 10042. 10271. 10324. 10352.
 10544. 10405. 10387. 10556. 10423. 10415. 10703. 10690. 10805. 10878.
 10718. 10666. 10938. 10760. 10805.  8077.  7977.  7970.  7928.  8013.
  8183.  7957.  8101.  7994.  8094.  7987.  7975.  8176.  8191.  8050.
  8155.  8085.  8272.  8150.  8090.  8301.  8215.  8055.  8115.  8079.
  8195.  8201.  8317.  8189.  8291.  8073.  8055.  8225.  8197.  8178.
  8240.  8276.  8212.  8369.  8145.  8333.  8291.  8201.  8187.  8355.
  8187.  8285.  8196.  8290.  8123.  1123.  1136.  1068.  1104.  1131.
  1095.  1128.  1182.  1103.  1080.  1099.  1155.  1107.  1159.  1072.
  1119.  1116.  1132.  1079.  1136.  1129.  1144.  1139.  1151.  1116.
  1154.  1102.  1139.  1107.  1147.  1151.  1141.  1162.  1120.  1105.
  1108.  1084.  1104.  1096.  1087.  1046.  1116.  1100.  1080.  1118.
  1047.  1175.  1122.  1149.  1092.]
Total events this file: 156044
Total events saved: 857086, Saved this file: 27038, Finsihed file: /mnt/scratch/micall12/training_files/NuMu_140000_000032_level2_sim4.zst_precleaning_lt200_NOvertex_IC19.hdf5
[    0.     0.     0.     0.     0.     0.     0.  6550.  7109.  7545.
  7970.  8122.  8535.  8484.  9046.  8963.  9249.  9322.  9517.  9726.
  9851. 10011. 10311. 10354. 10268. 10324. 10396. 10601. 10654. 10716.
 10897. 10776. 10731. 10886. 10805. 10770. 11082. 11057. 11175. 11233.
 11111. 11025. 11278. 11096. 11163.  8365.  8235.  8244.  8215.  8316.
  8495.  8259.  8367.  8329.  8379.  8280.  8264.  8472.  8492.  8349.
  8442.  8361.  8581.  8436.  8383.  8612.  8533.  8331.  8400.  8360.
  8486.  8524.  8615.  8484.  8584.  8372.  8367.  8478.  8465.  8483.
  8544.  8565.  8513.  8679.  8443.  8646.  8599.  8514.  8484.  8656.
  8483.  8559.  8477.  8599.  8403.  1123.  1136.  1068.  1104.  1131.
  1095.  1128.  1182.  1103.  1080.  1099.  1155.  1107.  1159.  1072.
  1119.  1116.  1132.  1079.  1136.  1129.  1144.  1139.  1151.  1116.
  1154.  1102.  1139.  1107.  1147.  1151.  1141.  1162.  1120.  1105.
  1108.  1084.  1104.  1096.  1087.  1046.  1116.  1100.  1080.  1118.
  1047.  1175.  1122.  1149.  1092.]
Total events this file: 119424
Total events saved: 873588, Saved this file: 16502, Finsihed file: /mnt/scratch/micall12/training_files/NuMu_140000_000033_level2_sim4.zst_precleaning_lt200_NOvertex_IC19.hdf5
[    0.     0.     0.     0.     0.     0.     0.  6592.  7145.  7601.
  8011.  8167.  8563.  8524.  9080.  9002.  9292.  9372.  9571.  9779.
  9898. 10060. 10369. 10398. 10318. 10368. 10453. 10646. 10699. 10762.
 10956. 10825. 10779. 10948. 10865. 10833. 11141. 11110. 11235. 11288.
 11164. 11090. 11335. 11163. 11226.  8656.  8504.  8520.  8519.  8596.
  8820.  8550.  8629.  8604.  8666.  8564.  8546.  8758.  8768.  8639.
  8725.  8651.  8875.  8730.  8665.  8890.  8801.  8638.  8689.  8655.
  8777.  8836.  8893.  8782.  8878.  8679.  8661.  8745.  8743.  8768.
  8869.  8855.  8809.  8955.  8762.  8935.  8893.  8825.  8781.  8972.
  8837.  8848.  8755.  8893.  8696.  1123.  1136.  1068.  1104.  1131.
  1095.  1128.  1182.  1103.  1080.  1099.  1155.  1107.  1159.  1072.
  1119.  1116.  1132.  1079.  1136.  1129.  1144.  1139.  1151.  1116.
  1154.  1102.  1139.  1107.  1147.  1151.  1141.  1162.  1120.  1105.
  1108.  1084.  1104.  1096.  1087.  1046.  1116.  1100.  1080.  1118.
  1047.  1175.  1122.  1149.  1092.]
Total events this file: 120187
Total events saved: 890322, Saved this file: 16734, Finsihed file: /mnt/scratch/micall12/training_files/NuMu_140000_000034_level2_sim4.zst_precleaning_lt200_NOvertex_IC19.hdf5
[    0.     0.     0.     0.     0.     0.     0.  6621.  7174.  7632.
  8056.  8205.  8601.  8574.  9116.  9036.  9338.  9423.  9614.  9828.
  9935. 10118. 10430. 10456. 10382. 10418. 10521. 10687. 10753. 10817.
 11016. 10888. 10832. 11001. 10917. 10901. 11200. 11173. 11291. 11346.
 11210. 11132. 11397. 11223. 11279.  8957.  8794.  8844.  8800.  8876.
  9082.  8859.  8934.  8893.  8965.  8858.  8856.  9053.  9064.  8961.
  9021.  8930.  9175.  9025.  8976.  9181.  9090.  8943.  9026.  8945.
  9097.  9119.  9175.  9067.  9178.  8982.  8940.  9068.  9035.  9073.
  9142.  9135.  9088.  9257.  9077.  9233.  9168.  9107.  9100.  9276.
  9114.  9135.  9031.  9217.  9004.  1123.  1136.  1068.  1104.  1131.
  1095.  1128.  1182.  1103.  1080.  1099.  1155.  1107.  1159.  1072.
  1119.  1116.  1132.  1079.  1136.  1129.  1144.  1139.  1151.  1116.
  1154.  1102.  1139.  1107.  1147.  1151.  1141.  1162.  1120.  1105.
  1108.  1084.  1104.  1096.  1087.  1046.  1116.  1100.  1080.  1118.
  1047.  1175.  1122.  1149.  1092.]
Total events this file: 156170
Total events saved: 917587, Saved this file: 27265, Finsihed file: /mnt/scratch/micall12/training_files/NuMu_140000_000035_level2_sim4.zst_precleaning_lt200_NOvertex_IC19.hdf5
[    0.     0.     0.     0.     0.     0.     0.  6831.  7437.  7859.
  8296.  8473.  8895.  8877.  9370.  9353.  9638.  9762.  9968. 10150.
 10261. 10431. 10753. 10781. 10719. 10786. 10859. 11053. 11094. 11147.
 11403. 11203. 11172. 11333. 11241. 11274. 11567. 11530. 11676. 11735.
 11574. 11493. 11751. 11563. 11642.  9236.  9115.  9132.  9080.  9168.
  9372.  9162.  9250.  9189.  9279.  9153.  9139.  9359.  9353.  9255.
  9295.  9227.  9472.  9328.  9259.  9491.  9352.  9247.  9292.  9243.
  9413.  9414.  9477.  9372.  9488.  9303.  9268.  9355.  9306.  9400.
  9423.  9445.  9391.  9567.  9368.  9535.  9442.  9385.  9424.  9590.
  9404.  9397.  9326.  9537.  9304.  1123.  1136.  1068.  1104.  1131.
  1095.  1128.  1182.  1103.  1080.  1099.  1155.  1107.  1159.  1072.
  1119.  1116.  1132.  1079.  1136.  1129.  1144.  1139.  1151.  1116.
  1154.  1102.  1139.  1107.  1147.  1151.  1141.  1162.  1120.  1105.
  1108.  1084.  1104.  1096.  1087.  1046.  1116.  1100.  1080.  1118.
  1047.  1175.  1122.  1149.  1092.]
Total events this file: 155964
Total events saved: 944676, Saved this file: 27089, Finsihed file: /mnt/scratch/micall12/training_files/NuMu_140000_000036_level2_sim4.zst_precleaning_lt200_NOvertex_IC19.hdf5
[    0.     0.     0.     0.     0.     0.     0.  7045.  7674.  8094.
  8535.  8731.  9153.  9120.  9652.  9659.  9946. 10086. 10295. 10459.
 10591. 10761. 11086. 11151. 11074. 11119. 11209. 11405. 11428. 11487.
 11755. 11559. 11570. 11677. 11587. 11632. 11943. 11880. 12017. 12077.
 11939. 11828. 12109. 11906. 12005.  9548.  9395.  9421.  9363.  9434.
  9654.  9474.  9529.  9486.  9567.  9434.  9447.  9653.  9631.  9541.
  9562.  9545.  9777.  9650.  9542.  9785.  9665.  9555.  9591.  9536.
  9709.  9715.  9794.  9660.  9783.  9598.  9563.  9645.  9597.  9686.
  9718.  9757.  9680.  9856.  9680.  9826.  9716.  9713.  9722.  9890.
  9687.  9665.  9660.  9848.  9624.  1123.  1136.  1068.  1104.  1131.
  1095.  1128.  1182.  1103.  1080.  1099.  1155.  1107.  1159.  1072.
  1119.  1116.  1132.  1079.  1136.  1129.  1144.  1139.  1151.  1116.
  1154.  1102.  1139.  1107.  1147.  1151.  1141.  1162.  1120.  1105.
  1108.  1084.  1104.  1096.  1087.  1046.  1116.  1100.  1080.  1118.
  1047.  1175.  1122.  1149.  1092.]
Total events this file: 43878
Total events saved: 947596, Saved this file: 2920, Finsihed file: /mnt/scratch/micall12/training_files/NuMu_140000_000037_level2_sim4.zst_precleaning_lt200_NOvertex_IC19.hdf5
[    0.     0.     0.     0.     0.     0.     0.  7071.  7688.  8118.
  8563.  8758.  9178.  9148.  9681.  9689.  9983. 10115. 10315. 10489.
 10618. 10793. 11120. 11176. 11108. 11150. 11241. 11439. 11457. 11517.
 11784. 11599. 11610. 11705. 11623. 11669. 11979. 11910. 12045. 12106.
 11974. 11863. 12145. 11935. 12047.  9580.  9438.  9466.  9394.  9469.
  9681.  9505.  9567.  9507.  9606.  9459.  9486.  9681.  9676.  9573.
  9600.  9573.  9812.  9687.  9586.  9824.  9698.  9592.  9633.  9561.
  9744.  9746.  9833.  9705.  9812.  9639.  9603.  9678.  9623.  9715.
  9761.  9784.  9731.  9898.  9717.  9856.  9750.  9740.  9763.  9925.
  9723.  9699.  9691.  9888.  9654.  1123.  1136.  1068.  1104.  1131.
  1095.  1128.  1182.  1103.  1080.  1099.  1155.  1107.  1159.  1072.
  1119.  1116.  1132.  1079.  1136.  1129.  1144.  1139.  1151.  1116.
  1154.  1102.  1139.  1107.  1147.  1151.  1141.  1162.  1120.  1105.
  1108.  1084.  1104.  1096.  1087.  1046.  1116.  1100.  1080.  1118.
  1047.  1175.  1122.  1149.  1092.]
Total events this file: 44490
Total events saved: 950469, Saved this file: 2873, Finsihed file: /mnt/scratch/micall12/training_files/NuMu_140000_000038_level2_sim4.zst_precleaning_lt200_NOvertex_IC19.hdf5
[    0.     0.     0.     0.     0.     0.     0.  7083.  7707.  8144.
  8585.  8779.  9209.  9177.  9706.  9706. 10008. 10148. 10345. 10509.
 10660. 10832. 11145. 11206. 11132. 11186. 11284. 11468. 11477. 11555.
 11819. 11640. 11641. 11736. 11661. 11699. 12016. 11948. 12082. 12138.
 12019. 11896. 12183. 11972. 12071.  9603.  9479.  9510.  9429.  9496.
  9706.  9532.  9606.  9532.  9634.  9497.  9520.  9719.  9716.  9622.
  9641.  9606.  9846.  9724.  9620.  9855.  9731.  9635.  9665.  9593.
  9773.  9791.  9863.  9735.  9840.  9670.  9631.  9706.  9650.  9741.
  9796.  9817.  9774.  9942.  9752.  9894.  9791.  9771.  9800.  9960.
  9762.  9735.  9720.  9927.  9684.  1123.  1136.  1068.  1104.  1131.
  1095.  1128.  1182.  1103.  1080.  1099.  1155.  1107.  1159.  1072.
  1119.  1116.  1132.  1079.  1136.  1129.  1144.  1139.  1151.  1116.
  1154.  1102.  1139.  1107.  1147.  1151.  1141.  1162.  1120.  1105.
  1108.  1084.  1104.  1096.  1087.  1046.  1116.  1100.  1080.  1118.
  1047.  1175.  1122.  1149.  1092.]
Total events this file: 156124
Total events saved: 977613, Saved this file: 27144, Finsihed file: /mnt/scratch/micall12/training_files/NuMu_140000_000039_level2_sim4.zst_precleaning_lt200_NOvertex_IC19.hdf5
[    0.     0.     0.     0.     0.     0.     0.  7302.  7922.  8372.
  8866.  9031.  9463.  9477.  9996.  9980. 10292. 10453. 10661. 10835.
 10979. 11147. 11484. 11528. 11466. 11505. 11615. 11822. 11790. 11900.
 12165. 11992. 12009. 12090. 11986. 12103. 12447. 12316. 12432. 12516.
 12361. 12235. 12546. 12323. 12479.  9876.  9758.  9768.  9711.  9789.
  9976.  9811.  9905.  9820.  9966.  9781.  9809. 10036. 10007.  9930.
  9914.  9910. 10123. 10034.  9914. 10150. 10034.  9916.  9951.  9873.
 10072. 10113. 10139. 10034. 10137.  9978.  9940. 10033.  9939. 10059.
 10071. 10122. 10093. 10235. 10079. 10224. 10091. 10087. 10099. 10244.
 10069. 10031. 10028. 10202.  9991.  1123.  1136.  1068.  1104.  1131.
  1095.  1128.  1182.  1103.  1080.  1099.  1155.  1107.  1159.  1072.
  1119.  1116.  1132.  1079.  1136.  1129.  1144.  1139.  1151.  1116.
  1154.  1102.  1139.  1107.  1147.  1151.  1141.  1162.  1120.  1105.
  1108.  1084.  1104.  1096.  1087.  1046.  1116.  1100.  1080.  1118.
  1047.  1175.  1122.  1149.  1092.]
Total events this file: 156466
Total events saved: 1004818, Saved this file: 27205, Finsihed file: /mnt/scratch/micall12/training_files/NuMu_140000_000040_level2_sim4.zst_precleaning_lt200_NOvertex_IC19.hdf5
[    0.     0.     0.     0.     0.     0.     0.  7518.  8166.  8625.
  9113.  9289.  9722.  9749. 10302. 10300. 10600. 10771. 10966. 11129.
 11310. 11452. 11825. 11865. 11799. 11876. 11979. 12194. 12154. 12253.
 12540. 12307. 12362. 12430. 12326. 12478. 12800. 12657. 12809. 12888.
 12728. 12582. 12855. 12683. 12870. 10149. 10051. 10064.  9993. 10090.
 10258. 10099. 10213. 10138. 10269. 10040. 10125. 10333. 10306. 10220.
 10227. 10230. 10402. 10301. 10208. 10445. 10313. 10190. 10246. 10149.
 10336. 10434. 10409. 10314. 10427. 10284. 10213. 10335. 10270. 10351.
 10383. 10439. 10394. 10559. 10393. 10537. 10401. 10359. 10390. 10547.
 10375. 10325. 10341. 10499. 10317.  1123.  1136.  1068.  1104.  1131.
  1095.  1128.  1182.  1103.  1080.  1099.  1155.  1107.  1159.  1072.
  1119.  1116.  1132.  1079.  1136.  1129.  1144.  1139.  1151.  1116.
  1154.  1102.  1139.  1107.  1147.  1151.  1141.  1162.  1120.  1105.
  1108.  1084.  1104.  1096.  1087.  1046.  1116.  1100.  1080.  1118.
  1047.  1175.  1122.  1149.  1092.]
Total events this file: 82554
Total events saved: 1018936, Saved this file: 14118, Finsihed file: /mnt/scratch/micall12/training_files/NuMu_140000_000041_level2_sim4.zst_precleaning_lt200_NOvertex_IC19.hdf5
[    0.     0.     0.     0.     0.     0.     0.  7723.  8410.  8883.
  9375.  9578.  9994. 10023. 10599. 10602. 10904. 11092. 11297. 11409.
 11592. 11764. 12144. 12239. 12125. 12252. 12341. 12525. 12489. 12623.
 12851. 12628. 12751. 12780. 12686. 12820. 13171. 12997. 13148. 13253.
 13086. 12961. 13222. 13030. 13253. 10181. 10093. 10098. 10031. 10122.
 10292. 10135. 10252. 10175. 10300. 10070. 10167. 10366. 10346. 10257.
 10261. 10270. 10436. 10328. 10238. 10487. 10356. 10227. 10277. 10182.
 10372. 10476. 10441. 10341. 10463. 10334. 10246. 10370. 10297. 10382.
 10419. 10473. 10427. 10588. 10433. 10567. 10433. 10396. 10428. 10592.
 10413. 10355. 10381. 10538. 10349.  1123.  1136.  1068.  1104.  1131.
  1095.  1128.  1182.  1103.  1080.  1099.  1155.  1107.  1159.  1072.
  1119.  1116.  1132.  1079.  1136.  1129.  1144.  1139.  1151.  1116.
  1154.  1102.  1139.  1107.  1147.  1151.  1141.  1162.  1120.  1105.
  1108.  1084.  1104.  1096.  1087.  1046.  1116.  1100.  1080.  1118.
  1047.  1175.  1122.  1149.  1092.]
Total events this file: 162765
Total events saved: 1046938, Saved this file: 28002, Finsihed file: /mnt/scratch/micall12/training_files/NuMu_140000_000042_level2_sim4.zst_precleaning_lt200_NOvertex_IC19.hdf5
[    0.     0.     0.     0.     0.     0.     0.  7948.  8641.  9130.
  9616.  9842. 10256. 10319. 10905. 10926. 11207. 11416. 11632. 11730.
 11890. 12081. 12479. 12574. 12470. 12600. 12674. 12875. 12828. 12968.
 13212. 12972. 13077. 13107. 13011. 13210. 13532. 13356. 13448. 13606.
 13472. 13312. 13584. 13409. 13617. 10483. 10407. 10380. 10357. 10421.
 10578. 10443. 10568. 10453. 10597. 10340. 10458. 10656. 10628. 10560.
 10558. 10541. 10726. 10627. 10503. 10809. 10657. 10532. 10574. 10504.
 10666. 10773. 10753. 10629. 10747. 10632. 10548. 10671. 10599. 10678.
 10714. 10770. 10699. 10869. 10754. 10850. 10732. 10691. 10717. 10903.
 10709. 10651. 10681. 10840. 10658.  1146.  1155.  1085.  1122.  1149.
  1111.  1146.  1201.  1123.  1095.  1116.  1173.  1129.  1173.  1092.
  1143.  1126.  1150.  1101.  1149.  1141.  1170.  1152.  1165.  1127.
  1170.  1118.  1154.  1124.  1166.  1166.  1155.  1178.  1139.  1121.
  1131.  1093.  1122.  1110.  1111.  1058.  1134.  1119.  1100.  1136.
  1058.  1189.  1141.  1165.  1114.]
Total events this file: 162888
Total events saved: 1074755, Saved this file: 27817, Finsihed file: /mnt/scratch/micall12/training_files/NuMu_140000_000043_level2_sim4.zst_precleaning_lt200_NOvertex_IC19.hdf5
[    0.     0.     0.     0.     0.     0.     0.  8168.  8884.  9370.
  9849. 10093. 10543. 10588. 11230. 11202. 11528. 11695. 11952. 12043.
 12215. 12395. 12826. 12924. 12789. 12917. 13019. 13200. 13169. 13323.
 13538. 13345. 13421. 13489. 13334. 13591. 13896. 13734. 13823. 13991.
 13838. 13656. 13950. 13771. 14001. 10770. 10703. 10669. 10644. 10706.
 10890. 10706. 10832. 10724. 10873. 10658. 10731. 10896. 10914. 10830.
 10859. 10829. 11024. 10949. 10796. 11112. 10936. 10848. 10870. 10795.
 10970. 11079. 11054. 10923. 11036. 10933. 10843. 10968. 10874. 10969.
 11002. 11068. 10986. 11178. 11074. 11159. 11006. 10968. 10995. 11195.
 11032. 10944. 10954. 11110. 10933.  1161.  1173.  1104.  1144.  1165.
  1126.  1165.  1221.  1137.  1112.  1136.  1196.  1143.  1190.  1113.
  1165.  1140.  1172.  1121.  1171.  1161.  1193.  1178.  1185.  1145.
  1193.  1131.  1164.  1147.  1187.  1177.  1173.  1198.  1156.  1139.
  1151.  1111.  1139.  1123.  1133.  1077.  1149.  1144.  1118.  1152.
  1073.  1213.  1154.  1184.  1135.]
Total events this file: 171658
Total events saved: 1104226, Saved this file: 29471, Finsihed file: /mnt/scratch/micall12/training_files/NuMu_140000_000044_level2_sim4.zst_precleaning_lt200_NOvertex_IC19.hdf5
[    0.     0.     0.     0.     0.     0.     0.  8387.  9110.  9599.
 10099. 10371. 10784. 10866. 11548. 11484. 11838. 12021. 12260. 12382.
 12553. 12740. 13149. 13295. 13146. 13303. 13362. 13554. 13498. 13690.
 13877. 13732. 13806. 13839. 13721. 13953. 14269. 14110. 14195. 14367.
 14203. 14040. 14323. 14162. 14352. 11076. 11010. 10960. 10918. 10967.
 11156. 10980. 11123. 11024. 11132. 10954. 11031. 11183. 11194. 11124.
 11152. 11094. 11338. 11212. 11108. 11420. 11254. 11176. 11164. 11070.
 11270. 11371. 11345. 11237. 11370. 11199. 11143. 11266. 11192. 11282.
 11301. 11342. 11309. 11494. 11382. 11462. 11334. 11262. 11311. 11467.
 11363. 11240. 11253. 11402. 11261.  1202.  1212.  1146.  1177.  1206.
  1170.  1212.  1267.  1194.  1155.  1180.  1237.  1187.  1229.  1141.
  1201.  1170.  1213.  1152.  1215.  1191.  1231.  1222.  1217.  1186.
  1238.  1178.  1210.  1174.  1218.  1215.  1203.  1238.  1200.  1181.
  1186.  1152.  1181.  1160.  1174.  1107.  1185.  1181.  1149.  1192.
  1107.  1252.  1191.  1216.  1159.]
Total events this file: 173040
Total events saved: 1133418, Saved this file: 29192, Finsihed file: /mnt/scratch/micall12/training_files/NuMu_140000_000045_level2_sim4.zst_precleaning_lt200_NOvertex_IC19.hdf5
[    0.     0.     0.     0.     0.     0.     0.  8590.  9341.  9807.
 10384. 10663. 11048. 11158. 11854. 11776. 12135. 12315. 12553. 12705.
 12863. 13056. 13479. 13615. 13468. 13610. 13706. 13908. 13858. 14045.
 14230. 14100. 14159. 14214. 14053. 14297. 14629. 14476. 14561. 14738.
 14581. 14362. 14691. 14541. 14752. 11351. 11308. 11234. 11196. 11271.
 11427. 11247. 11449. 11328. 11414. 11224. 11337. 11469. 11501. 11428.
 11460. 11373. 11649. 11530. 11402. 11686. 11532. 11516. 11456. 11356.
 11585. 11670. 11657. 11530. 11649. 11501. 11465. 11545. 11478. 11568.
 11592. 11616. 11610. 11803. 11658. 11805. 11619. 11563. 11627. 11734.
 11659. 11541. 11537. 11700. 11543.  1229.  1265.  1189.  1215.  1242.
  1202.  1263.  1307.  1237.  1202.  1212.  1278.  1226.  1270.  1177.
  1250.  1211.  1249.  1195.  1272.  1221.  1285.  1263.  1257.  1230.
  1288.  1214.  1257.  1211.  1257.  1265.  1254.  1274.  1237.  1225.
  1242.  1186.  1236.  1207.  1222.  1150.  1225.  1232.  1192.  1243.
  1155.  1292.  1222.  1253.  1212.]
Total events this file: 155479
Total events saved: 1160611, Saved this file: 27193, Finsihed file: /mnt/scratch/micall12/training_files/NuMu_140000_000046_level2_sim4.zst_precleaning_lt200_NOvertex_IC19.hdf5
[    0.     0.     0.     0.     0.     0.     0.  8786.  9586. 10034.
 10659. 10908. 11308. 11459. 12122. 12107. 12434. 12635. 12848. 13003.
 13157. 13354. 13827. 13924. 13838. 13928. 14073. 14247. 14211. 14390.
 14574. 14457. 14522. 14599. 14396. 14678. 14975. 14815. 14929. 15086.
 14935. 14701. 15035. 14889. 15100. 11631. 11611. 11518. 11491. 11541.
 11710. 11558. 11730. 11614. 11722. 11553. 11636. 11768. 11828. 11725.
 11745. 11712. 11943. 11803. 11697. 11959. 11825. 11834. 11777. 11637.
 11891. 11970. 11984. 11844. 11980. 11804. 11730. 11838. 11768. 11842.
 11932. 11917. 11926. 12095. 11949. 12091. 11914. 11853. 11939. 12061.
 11945. 11862. 11827. 12019. 11835.  1229.  1265.  1189.  1215.  1242.
  1202.  1263.  1307.  1237.  1202.  1212.  1278.  1226.  1270.  1177.
  1250.  1211.  1249.  1195.  1272.  1221.  1285.  1263.  1257.  1230.
  1288.  1214.  1257.  1211.  1257.  1265.  1254.  1274.  1237.  1225.
  1242.  1186.  1236.  1207.  1222.  1150.  1225.  1232.  1192.  1243.
  1155.  1292.  1222.  1253.  1212.]
Total events this file: 126766
Total events saved: 1187476, Saved this file: 26865, Finsihed file: /mnt/scratch/micall12/training_files/NuMu_140000_000047_level2_sim4.zst_precleaning_lt200_NOvertex_IC19.hdf5
[    0.     0.     0.     0.     0.     0.     0.  8997.  9806. 10288.
 10891. 11172. 11583. 11770. 12423. 12422. 12758. 12941. 13185. 13322.
 13477. 13684. 14158. 14244. 14203. 14269. 14410. 14573. 14581. 14687.
 14904. 14822. 14841. 14918. 14743. 15013. 15337. 15190. 15264. 15453.
 15258. 15077. 15389. 15233. 15489. 11941. 11933. 11779. 11750. 11818.
 11993. 11843. 12037. 11914. 12001. 11846. 11931. 12046. 12137. 12020.
 12015. 12010. 12237. 12086. 11985. 12242. 12108. 12114. 12090. 11946.
 12208. 12250. 12280. 12135. 12312. 12100. 12040. 12166. 12031. 12099.
 12222. 12209. 12203. 12395. 12248. 12402. 12187. 12152. 12220. 12373.
 12234. 12133. 12108. 12319. 12155.  1229.  1265.  1189.  1215.  1242.
  1202.  1263.  1307.  1237.  1202.  1212.  1278.  1226.  1270.  1177.
  1250.  1211.  1249.  1195.  1272.  1221.  1285.  1263.  1257.  1230.
  1288.  1214.  1257.  1211.  1257.  1265.  1254.  1274.  1237.  1225.
  1242.  1186.  1236.  1207.  1222.  1150.  1225.  1232.  1192.  1243.
  1155.  1292.  1222.  1253.  1212.]
Total events this file: 155754
Total events saved: 1214752, Saved this file: 27276, Finsihed file: /mnt/scratch/micall12/training_files/NuMu_140000_000048_level2_sim4.zst_precleaning_lt200_NOvertex_IC19.hdf5
[    0.     0.     0.     0.     0.     0.     0.  9221. 10018. 10538.
 11133. 11432. 11873. 12080. 12735. 12683. 13074. 13252. 13510. 13652.
 13791. 14032. 14525. 14581. 14523. 14605. 14766. 14896. 14926. 15018.
 15257. 15165. 15189. 15267. 15104. 15380. 15705. 15523. 15609. 15815.
 15638. 15441. 15750. 15597. 15862. 12220. 12202. 12064. 12018. 12105.
 12315. 12142. 12323. 12235. 12280. 12164. 12218. 12335. 12404. 12318.
 12278. 12334. 12533. 12356. 12302. 12545. 12403. 12406. 12411. 12268.
 12490. 12552. 12603. 12443. 12590. 12411. 12316. 12454. 12339. 12435.
 12528. 12516. 12504. 12684. 12578. 12697. 12481. 12463. 12506. 12661.
 12539. 12420. 12371. 12641. 12487.  1229.  1265.  1189.  1215.  1242.
  1202.  1263.  1307.  1237.  1202.  1212.  1278.  1226.  1270.  1177.
  1250.  1211.  1249.  1195.  1272.  1221.  1285.  1263.  1257.  1230.
  1288.  1214.  1257.  1211.  1257.  1265.  1254.  1274.  1237.  1225.
  1242.  1186.  1236.  1207.  1222.  1150.  1225.  1232.  1192.  1243.
  1155.  1292.  1222.  1253.  1212.]
Total events this file: 155738
Total events saved: 1241970, Saved this file: 27218, Finsihed file: /mnt/scratch/micall12/training_files/NuMu_140000_000049_level2_sim4.zst_precleaning_lt200_NOvertex_IC19.hdf5
[    0.     0.     0.     0.     0.     0.     0.  9414. 10252. 10776.
 11380. 11710. 12145. 12356. 13021. 12984. 13359. 13557. 13823. 13960.
 14124. 14355. 14851. 14920. 14899. 14962. 15112. 15237. 15310. 15374.
 15618. 15538. 15541. 15630. 15461. 15724. 16086. 15891. 15981. 16175.
 16011. 15799. 16140. 15981. 16272. 12499. 12497. 12357. 12291. 12407.
 12578. 12432. 12612. 12519. 12562. 12450. 12537. 12645. 12673. 12562.
 12597. 12659. 12830. 12614. 12598. 12829. 12705. 12723. 12711. 12557.
 12795. 12837. 12906. 12713. 12890. 12711. 12627. 12760. 12676. 12733.
 12820. 12797. 12784. 12962. 12897. 12993. 12761. 12755. 12788. 12962.
 12865. 12707. 12642. 12908. 12810.  1229.  1265.  1189.  1215.  1242.
  1202.  1263.  1307.  1237.  1202.  1212.  1278.  1226.  1270.  1177.
  1250.  1211.  1249.  1195.  1272.  1221.  1285.  1263.  1257.  1230.
  1288.  1214.  1257.  1211.  1257.  1265.  1254.  1274.  1237.  1225.
  1242.  1186.  1236.  1207.  1222.  1150.  1225.  1232.  1192.  1243.
  1155.  1292.  1222.  1253.  1212.]
[    0.     0.     0.     0.     0.     0.     0.  9414. 10252. 10776.
 11380. 11710. 12145. 12356. 13021. 12984. 13359. 13557. 13823. 13960.
 14124. 14355. 14851. 14920. 14899. 14962. 15112. 15237. 15310. 15374.
 15618. 15538. 15541. 15630. 15461. 15724. 16086. 15891. 15981. 16175.
 16011. 15799. 16140. 15981. 16272. 12499. 12497. 12357. 12291. 12407.
 12578. 12432. 12612. 12519. 12562. 12450. 12537. 12645. 12673. 12562.
 12597. 12659. 12830. 12614. 12598. 12829. 12705. 12723. 12711. 12557.
 12795. 12837. 12906. 12713. 12890. 12711. 12627. 12760. 12676. 12733.
 12820. 12797. 12784. 12962. 12897. 12993. 12761. 12755. 12788. 12962.
 12865. 12707. 12642. 12908. 12810.  1229.  1265.  1189.  1215.  1242.
  1202.  1263.  1307.  1237.  1202.  1212.  1278.  1226.  1270.  1177.
  1250.  1211.  1249.  1195.  1272.  1221.  1285.  1263.  1257.  1230.
  1288.  1214.  1257.  1211.  1257.  1265.  1254.  1274.  1237.  1225.
  1242.  1186.  1236.  1207.  1222.  1150.  1225.  1232.  1192.  1243.
  1155.  1292.  1222.  1253.  1212.]
Total events saved: 1241970
I put evnts 0 - 1241970 into /mnt/scratch/micall12/training_files/NuMu_140000_level2_sim4_IC19_start_DC_precleaninglt150_CC_start_DC_all_end_flat_145bins_30000evtperbin.hdf5
