Keeping CC event types
Saving PEGLEG info: False 
Bin size: 1.000000 GeV 
Max Count Per Bin: 28000 events 
Energy Range: 5.000000 - 150.000000 
Starting cut: old_start_DC 
Ending cut: all_end 
Shuffling: False 
Keeping event types: CC
Total events this file: 152876
Total events saved: 28449, Saved this file: 28449, Finsihed file: /mnt/scratch/micall12/training_files/NuMu_140000_000000_level2_sim4.zst_precleaning_lt200_NOvertex_IC19.hdf5
[  0.   0.   0.   0.   0.   0.   0. 213. 230. 245. 244. 264. 253. 238.
 273. 265. 286. 285. 299. 272. 286. 311. 324. 276. 325. 317. 320. 329.
 308. 341. 336. 358. 349. 328. 356. 337. 333. 341. 349. 326. 331. 344.
 330. 350. 346. 297. 254. 296. 261. 260. 286. 243. 289. 269. 275. 261.
 252. 283. 264. 285. 298. 298. 276. 274. 268. 286. 257. 305. 253. 275.
 267. 267. 306. 244. 283. 262. 270. 282. 280. 318. 292. 284. 247. 281.
 289. 279. 278. 303. 269. 290. 271. 274. 283. 275. 282.  65.  53.  61.
  53.  66.  53.  52.  58.  67.  77.  46.  59.  61.  61.  50.  58.  55.
  61.  55.  73.  56.  65.  64.  60.  62.  62.  69.  56.  68.  63.  63.
  58.  72.  65.  56.  78.  60.  57.  56.  52.  55.  61.  62.  66.  45.
  50.  61.  46.  63.  55.]
Total events this file: 153256
Total events saved: 57001, Saved this file: 28552, Finsihed file: /mnt/scratch/micall12/training_files/NuMu_140000_000001_level2_sim4.zst_precleaning_lt200_NOvertex_IC19.hdf5
[  0.   0.   0.   0.   0.   0.   0. 415. 439. 496. 484. 501. 498. 485.
 559. 562. 574. 559. 596. 586. 616. 622. 645. 592. 631. 646. 637. 640.
 623. 691. 698. 696. 658. 627. 682. 657. 702. 678. 713. 725. 675. 647.
 696. 720. 686. 589. 566. 567. 527. 534. 562. 513. 594. 523. 567. 524.
 543. 539. 556. 531. 582. 588. 554. 526. 525. 579. 522. 581. 548. 571.
 558. 505. 605. 509. 564. 542. 546. 538. 549. 592. 573. 577. 509. 557.
 580. 558. 572. 570. 535. 584. 547. 524. 559. 575. 560. 127. 115. 128.
 123. 127. 103. 109. 140. 129. 136.  94. 123. 123. 116.  94. 123. 112.
 111. 117. 135. 111. 108. 127. 118. 114. 115. 114. 127. 124. 127. 122.
 112. 132. 135. 111. 134. 115. 125. 128. 122. 109. 115. 121. 114. 104.
 105. 116. 112. 120. 123.]
Total events this file: 152771
Total events saved: 85349, Saved this file: 28348, Finsihed file: /mnt/scratch/micall12/training_files/NuMu_140000_000002_level2_sim4.zst_precleaning_lt200_NOvertex_IC19.hdf5
[   0.    0.    0.    0.    0.    0.    0.  608.  657.  739.  727.  743.
  742.  731.  850.  848.  858.  833.  877.  894.  906.  944.  952.  955.
  933.  981.  939.  961.  950. 1047. 1016. 1017.  951.  956. 1017. 1000.
 1072.  983. 1024. 1102.  988.  981. 1056. 1086. 1057.  861.  831.  820.
  810.  806.  842.  783.  857.  806.  839.  753.  817.  806.  839.  813.
  848.  835.  854.  796.  809.  856.  822.  860.  828.  834.  829.  797.
  859.  802.  863.  807.  817.  809.  838.  859.  868.  863.  800.  855.
  851.  809.  843.  865.  792.  876.  836.  811.  827.  835.  829.  180.
  175.  179.  175.  182.  167.  165.  198.  181.  185.  162.  171.  182.
  191.  151.  190.  173.  177.  172.  176.  167.  178.  185.  185.  170.
  169.  168.  188.  165.  194.  190.  170.  191.  187.  178.  194.  170.
  186.  192.  182.  172.  183.  184.  172.  171.  159.  189.  170.  174.
  188.]
Total events this file: 152280
Total events saved: 113590, Saved this file: 28241, Finsihed file: /mnt/scratch/micall12/training_files/NuMu_140000_000003_level2_sim4.zst_precleaning_lt200_NOvertex_IC19.hdf5
[   0.    0.    0.    0.    0.    0.    0.  831.  867.  984.  979.  995.
 1013. 1006. 1146. 1135. 1126. 1117. 1188. 1175. 1199. 1224. 1227. 1318.
 1235. 1280. 1273. 1256. 1289. 1374. 1312. 1330. 1268. 1286. 1331. 1307.
 1400. 1339. 1368. 1437. 1324. 1319. 1406. 1441. 1386. 1124. 1069. 1078.
 1055. 1066. 1112. 1062. 1170. 1031. 1107.  992. 1098. 1089. 1124. 1049.
 1130. 1151. 1143. 1082. 1098. 1123. 1112. 1112. 1115. 1101. 1112. 1081.
 1136. 1083. 1136. 1073. 1082. 1081. 1117. 1111. 1119. 1121. 1090. 1129.
 1137. 1098. 1115. 1157. 1077. 1151. 1101. 1100. 1130. 1127. 1102.  243.
  246.  234.  247.  251.  230.  233.  266.  246.  247.  226.  231.  231.
  253.  209.  241.  235.  237.  237.  247.  223.  243.  246.  244.  221.
  233.  240.  247.  231.  247.  240.  241.  251.  246.  233.  258.  227.
  242.  256.  232.  219.  249.  250.  233.  233.  216.  247.  222.  236.
  244.]
Total events this file: 152460
Total events saved: 141522, Saved this file: 27932, Finsihed file: /mnt/scratch/micall12/training_files/NuMu_140000_000004_level2_sim4.zst_precleaning_lt200_NOvertex_IC19.hdf5
[   0.    0.    0.    0.    0.    0.    0. 1017. 1085. 1183. 1219. 1229.
 1286. 1235. 1403. 1385. 1407. 1385. 1456. 1490. 1480. 1538. 1538. 1599.
 1533. 1576. 1581. 1530. 1604. 1699. 1655. 1680. 1617. 1610. 1677. 1666.
 1748. 1682. 1742. 1755. 1661. 1641. 1738. 1765. 1711. 1407. 1342. 1365.
 1309. 1352. 1399. 1362. 1442. 1274. 1375. 1274. 1346. 1357. 1388. 1295.
 1414. 1436. 1418. 1347. 1344. 1389. 1409. 1370. 1382. 1372. 1368. 1362.
 1401. 1358. 1419. 1334. 1340. 1380. 1395. 1355. 1368. 1398. 1372. 1394.
 1388. 1333. 1372. 1425. 1370. 1445. 1384. 1386. 1414. 1425. 1377.  296.
  313.  292.  306.  310.  303.  300.  316.  303.  291.  286.  292.  300.
  316.  282.  299.  297.  291.  295.  315.  287.  296.  309.  321.  273.
  311.  298.  307.  286.  318.  307.  312.  329.  307.  280.  312.  288.
  291.  312.  283.  278.  310.  303.  287.  296.  273.  315.  287.  293.
  313.]
Total events this file: 79444
Total events saved: 157732, Saved this file: 16210, Finsihed file: /mnt/scratch/micall12/training_files/NuMu_140000_000005_level2_sim4.zst_precleaning_lt200_NOvertex_IC19.hdf5
[   0.    0.    0.    0.    0.    0.    0. 1222. 1310. 1429. 1475. 1479.
 1577. 1445. 1668. 1672. 1700. 1641. 1767. 1804. 1779. 1827. 1820. 1922.
 1840. 1882. 1902. 1846. 1903. 2043. 1985. 2010. 1936. 1928. 2056. 1990.
 2073. 2017. 2062. 2103. 2028. 1983. 2056. 2089. 2073. 1441. 1369. 1396.
 1335. 1383. 1433. 1402. 1473. 1309. 1410. 1310. 1390. 1398. 1425. 1334.
 1453. 1466. 1443. 1375. 1376. 1422. 1445. 1401. 1417. 1402. 1395. 1399.
 1448. 1395. 1457. 1367. 1377. 1410. 1432. 1389. 1396. 1430. 1412. 1427.
 1413. 1373. 1405. 1466. 1408. 1473. 1426. 1434. 1441. 1464. 1400.  358.
  382.  346.  359.  370.  359.  362.  377.  358.  336.  346.  347.  358.
  372.  333.  344.  355.  345.  352.  381.  355.  361.  371.  380.  338.
  373.  364.  365.  357.  384.  366.  380.  393.  356.  346.  362.  347.
  349.  371.  342.  339.  373.  360.  337.  351.  344.  378.  350.  339.
  374.]
Total events this file: 79403
Total events saved: 173985, Saved this file: 16253, Finsihed file: /mnt/scratch/micall12/training_files/NuMu_140000_000006_level2_sim4.zst_precleaning_lt200_NOvertex_IC19.hdf5
[   0.    0.    0.    0.    0.    0.    0. 1399. 1537. 1662. 1728. 1731.
 1819. 1726. 1971. 1951. 2004. 1897. 2062. 2108. 2107. 2135. 2125. 2228.
 2174. 2188. 2232. 2178. 2198. 2391. 2304. 2329. 2238. 2250. 2381. 2311.
 2418. 2347. 2399. 2427. 2391. 2326. 2413. 2419. 2418. 1475. 1406. 1421.
 1365. 1414. 1465. 1439. 1499. 1349. 1442. 1344. 1418. 1435. 1455. 1356.
 1490. 1492. 1477. 1411. 1420. 1463. 1488. 1438. 1460. 1442. 1428. 1437.
 1484. 1430. 1488. 1396. 1403. 1444. 1460. 1425. 1430. 1460. 1436. 1460.
 1447. 1406. 1450. 1496. 1441. 1518. 1460. 1467. 1470. 1502. 1430.  422.
  429.  396.  413.  429.  420.  418.  439.  434.  399.  407.  414.  410.
  441.  389.  398.  427.  427.  408.  438.  409.  424.  424.  422.  387.
  430.  420.  427.  413.  445.  425.  448.  445.  421.  415.  422.  392.
  418.  432.  405.  413.  444.  425.  385.  415.  385.  443.  413.  401.
  425.]
Total events this file: 147212
Total events saved: 192881, Saved this file: 18896, Finsihed file: /mnt/scratch/micall12/training_files/NuMu_140000_000007_level2_sim4.zst_precleaning_lt200_NOvertex_IC19.hdf5
[   0.    0.    0.    0.    0.    0.    0. 1437. 1578. 1705. 1790. 1785.
 1855. 1766. 2024. 2004. 2061. 1957. 2115. 2165. 2161. 2192. 2168. 2285.
 2243. 2254. 2296. 2244. 2256. 2438. 2373. 2376. 2287. 2317. 2447. 2381.
 2488. 2407. 2461. 2482. 2450. 2379. 2479. 2485. 2483. 1771. 1690. 1698.
 1653. 1712. 1743. 1708. 1770. 1615. 1709. 1601. 1670. 1729. 1730. 1621.
 1771. 1756. 1732. 1671. 1681. 1742. 1742. 1694. 1753. 1706. 1709. 1718.
 1749. 1698. 1778. 1660. 1692. 1714. 1714. 1681. 1685. 1741. 1734. 1740.
 1739. 1663. 1749. 1800. 1713. 1814. 1742. 1744. 1758. 1802. 1706.  468.
  497.  459.  471.  481.  477.  482.  497.  487.  462.  457.  480.  469.
  511.  454.  464.  482.  488.  480.  497.  478.  480.  477.  494.  436.
  478.  488.  484.  475.  508.  496.  499.  508.  479.  489.  468.  445.
  471.  482.  470.  452.  498.  483.  446.  483.  444.  500.  466.  459.
  497.]
Total events this file: 126958
Total events saved: 218059, Saved this file: 25178, Finsihed file: /mnt/scratch/micall12/training_files/NuMu_140000_000008_level2_sim4.zst_precleaning_lt200_NOvertex_IC19.hdf5
[   0.    0.    0.    0.    0.    0.    0. 1625. 1797. 1950. 2029. 2018.
 2136. 2050. 2293. 2273. 2346. 2252. 2413. 2443. 2445. 2508. 2495. 2579.
 2548. 2567. 2649. 2566. 2589. 2792. 2701. 2694. 2573. 2627. 2796. 2703.
 2803. 2732. 2801. 2786. 2785. 2738. 2842. 2856. 2809. 2051. 1975. 1954.
 1925. 1971. 1984. 1964. 2029. 1889. 1990. 1846. 1941. 2009. 2022. 1908.
 2037. 2034. 2009. 1931. 1953. 2012. 2001. 1929. 2018. 1985. 1967. 1998.
 2037. 1992. 2023. 1945. 1978. 1989. 1975. 1982. 1952. 1994. 2021. 2024.
 2024. 1936. 2040. 2082. 1996. 2081. 1995. 2035. 2037. 2091. 1993.  468.
  497.  459.  471.  481.  477.  482.  497.  487.  462.  457.  480.  469.
  511.  454.  464.  482.  488.  480.  497.  478.  480.  477.  494.  436.
  478.  488.  484.  475.  508.  496.  499.  508.  479.  489.  468.  445.
  471.  482.  470.  452.  498.  483.  446.  483.  444.  500.  466.  459.
  497.]
Total events this file: 155963
Total events saved: 243233, Saved this file: 25174, Finsihed file: /mnt/scratch/micall12/training_files/NuMu_140000_000009_level2_sim4.zst_precleaning_lt200_NOvertex_IC19.hdf5
[   0.    0.    0.    0.    0.    0.    0. 1831. 2006. 2163. 2269. 2260.
 2389. 2325. 2577. 2581. 2630. 2550. 2707. 2761. 2727. 2836. 2819. 2894.
 2848. 2894. 2956. 2876. 2898. 3108. 3022. 3007. 2874. 2960. 3094. 3045.
 3119. 3075. 3125. 3142. 3119. 3063. 3190. 3167. 3145. 2327. 2235. 2202.
 2229. 2261. 2264. 2199. 2294. 2156. 2275. 2135. 2218. 2278. 2290. 2192.
 2314. 2291. 2265. 2192. 2238. 2291. 2258. 2212. 2274. 2241. 2247. 2301.
 2334. 2255. 2291. 2207. 2260. 2275. 2276. 2273. 2252. 2263. 2309. 2318.
 2276. 2225. 2301. 2354. 2248. 2329. 2280. 2313. 2316. 2377. 2274.  468.
  497.  459.  471.  481.  477.  482.  497.  487.  462.  457.  480.  469.
  511.  454.  464.  482.  488.  480.  497.  478.  480.  477.  494.  436.
  478.  488.  484.  475.  508.  496.  499.  508.  479.  489.  468.  445.
  471.  482.  470.  452.  498.  483.  446.  483.  444.  500.  466.  459.
  497.]
Total events this file: 180714
Total events saved: 271398, Saved this file: 28165, Finsihed file: /mnt/scratch/micall12/training_files/NuMu_140000_000010_level2_sim4.zst_precleaning_lt200_NOvertex_IC19.hdf5
[   0.    0.    0.    0.    0.    0.    0. 2015. 2230. 2367. 2514. 2490.
 2667. 2590. 2857. 2835. 2942. 2846. 2971. 3047. 3008. 3134. 3156. 3198.
 3176. 3210. 3281. 3218. 3231. 3416. 3363. 3307. 3195. 3314. 3406. 3378.
 3459. 3429. 3465. 3441. 3483. 3413. 3516. 3510. 3488. 2591. 2526. 2494.
 2494. 2545. 2520. 2501. 2560. 2439. 2552. 2387. 2473. 2537. 2571. 2457.
 2565. 2558. 2539. 2477. 2523. 2559. 2538. 2487. 2571. 2508. 2503. 2578.
 2628. 2549. 2561. 2465. 2501. 2556. 2515. 2552. 2534. 2552. 2561. 2595.
 2569. 2487. 2573. 2608. 2533. 2612. 2553. 2589. 2607. 2655. 2563.  529.
  559.  507.  526.  553.  536.  547.  567.  544.  523.  523.  554.  523.
  570.  525.  532.  536.  547.  544.  551.  545.  551.  533.  578.  505.
  546.  538.  544.  523.  574.  550.  542.  573.  542.  539.  520.  507.
  529.  535.  515.  488.  556.  531.  504.  550.  512.  556.  526.  507.
  546.]
Total events this file: 152864
Total events saved: 299504, Saved this file: 28106, Finsihed file: /mnt/scratch/micall12/training_files/NuMu_140000_000011_level2_sim4.zst_precleaning_lt200_NOvertex_IC19.hdf5
[   0.    0.    0.    0.    0.    0.    0. 2214. 2454. 2603. 2778. 2751.
 2930. 2838. 3109. 3098. 3218. 3109. 3252. 3332. 3295. 3473. 3479. 3518.
 3463. 3509. 3594. 3527. 3561. 3754. 3685. 3633. 3514. 3647. 3740. 3708.
 3829. 3761. 3812. 3774. 3796. 3725. 3868. 3837. 3825. 2849. 2796. 2763.
 2750. 2796. 2792. 2757. 2853. 2706. 2822. 2643. 2746. 2796. 2855. 2739.
 2835. 2791. 2838. 2762. 2810. 2847. 2813. 2754. 2829. 2754. 2768. 2852.
 2907. 2841. 2846. 2755. 2743. 2812. 2761. 2818. 2834. 2827. 2821. 2852.
 2849. 2779. 2836. 2881. 2852. 2899. 2836. 2884. 2863. 2930. 2860.  585.
  632.  559.  583.  621.  597.  608.  620.  607.  587.  593.  618.  582.
  630.  582.  592.  597.  605.  605.  627.  612.  614.  597.  646.  568.
  611.  595.  602.  593.  626.  609.  606.  646.  591.  600.  573.  563.
  597.  593.  573.  548.  615.  589.  555.  597.  563.  617.  591.  569.
  600.]
Total events this file: 137728
Total events saved: 325349, Saved this file: 25845, Finsihed file: /mnt/scratch/micall12/training_files/NuMu_140000_000012_level2_sim4.zst_precleaning_lt200_NOvertex_IC19.hdf5
[   0.    0.    0.    0.    0.    0.    0. 2423. 2652. 2825. 3008. 2998.
 3146. 3082. 3369. 3335. 3473. 3384. 3518. 3588. 3562. 3743. 3772. 3806.
 3785. 3797. 3893. 3821. 3866. 4013. 3987. 3912. 3810. 3945. 4034. 3992.
 4143. 4053. 4137. 4094. 4110. 4030. 4191. 4115. 4140. 3096. 3022. 3009.
 2985. 3014. 3057. 2983. 3097. 2945. 3056. 2874. 3005. 3055. 3120. 2982.
 3101. 3010. 3103. 2984. 3077. 3109. 3046. 2992. 3091. 2990. 3027. 3105.
 3149. 3076. 3121. 2974. 2981. 3071. 3029. 3042. 3084. 3076. 3083. 3093.
 3090. 3059. 3096. 3148. 3098. 3135. 3082. 3120. 3089. 3188. 3100.  639.
  693.  603.  641.  687.  661.  671.  702.  661.  643.  653.  671.  638.
  699.  655.  664.  662.  657.  671.  690.  665.  672.  663.  698.  627.
  669.  654.  669.  663.  685.  663.  661.  707.  640.  654.  621.  618.
  664.  655.  632.  594.  669.  640.  625.  669.  610.  692.  666.  629.
  643.]
Total events this file: 137005
Total events saved: 350970, Saved this file: 25621, Finsihed file: /mnt/scratch/micall12/training_files/NuMu_140000_000013_level2_sim4.zst_precleaning_lt200_NOvertex_IC19.hdf5
[   0.    0.    0.    0.    0.    0.    0. 2618. 2841. 3016. 3204. 3235.
 3391. 3320. 3633. 3594. 3727. 3675. 3773. 3860. 3834. 4006. 4040. 4075.
 4068. 4124. 4170. 4130. 4175. 4311. 4294. 4184. 4098. 4247. 4329. 4292.
 4452. 4351. 4416. 4398. 4411. 4349. 4521. 4412. 4449. 3330. 3262. 3274.
 3220. 3269. 3286. 3224. 3320. 3200. 3287. 3128. 3247. 3309. 3336. 3223.
 3337. 3242. 3381. 3216. 3337. 3372. 3310. 3233. 3322. 3235. 3272. 3316.
 3382. 3347. 3373. 3214. 3191. 3299. 3278. 3294. 3330. 3335. 3303. 3333.
 3333. 3286. 3338. 3387. 3328. 3363. 3308. 3382. 3334. 3446. 3379.  705.
  764.  661.  703.  748.  717.  732.  772.  713.  706.  708.  732.  693.
  773.  709.  732.  729.  714.  723.  754.  732.  728.  720.  753.  694.
  721.  704.  736.  731.  746.  728.  721.  759.  699.  714.  684.  680.
  732.  711.  694.  656.  730.  705.  676.  730.  665.  759.  716.  687.
  697.]
Total events this file: 162691
Total events saved: 377100, Saved this file: 26130, Finsihed file: /mnt/scratch/micall12/training_files/NuMu_140000_000014_level2_sim4.zst_precleaning_lt200_NOvertex_IC19.hdf5
[   0.    0.    0.    0.    0.    0.    0. 2829. 3072. 3244. 3435. 3478.
 3649. 3604. 3886. 3887. 3989. 3958. 4066. 4173. 4112. 4345. 4330. 4393.
 4400. 4452. 4472. 4440. 4499. 4611. 4624. 4501. 4414. 4557. 4653. 4606.
 4790. 4655. 4732. 4754. 4730. 4680. 4888. 4739. 4806. 3620. 3530. 3551.
 3493. 3522. 3560. 3457. 3612. 3478. 3586. 3440. 3508. 3593. 3598. 3517.
 3614. 3529. 3651. 3480. 3613. 3659. 3597. 3521. 3577. 3525. 3536. 3571.
 3653. 3643. 3686. 3495. 3437. 3563. 3563. 3581. 3587. 3654. 3599. 3610.
 3596. 3544. 3584. 3675. 3601. 3665. 3613. 3648. 3616. 3722. 3652.  721.
  779.  673.  718.  763.  737.  753.  790.  726.  722.  715.  750.  701.
  785.  728.  750.  743.  729.  742.  769.  747.  748.  734.  767.  710.
  734.  719.  756.  743.  762.  747.  740.  776.  713.  726.  706.  691.
  754.  723.  719.  674.  752.  721.  694.  749.  687.  777.  738.  704.
  717.]
Total events this file: 166782
Total events saved: 402622, Saved this file: 25522, Finsihed file: /mnt/scratch/micall12/training_files/NuMu_140000_000015_level2_sim4.zst_precleaning_lt200_NOvertex_IC19.hdf5
[   0.    0.    0.    0.    0.    0.    0. 3021. 3285. 3466. 3647. 3675.
 3923. 3825. 4129. 4117. 4232. 4217. 4327. 4427. 4388. 4620. 4596. 4692.
 4685. 4740. 4770. 4719. 4770. 4898. 4904. 4808. 4719. 4871. 4963. 4909.
 5130. 4942. 5049. 5073. 5026. 4972. 5181. 5039. 5088. 3867. 3761. 3795.
 3722. 3722. 3801. 3709. 3862. 3703. 3835. 3682. 3752. 3838. 3854. 3776.
 3854. 3771. 3890. 3738. 3852. 3912. 3835. 3773. 3815. 3778. 3775. 3826.
 3911. 3865. 3933. 3719. 3667. 3817. 3824. 3820. 3848. 3896. 3865. 3861.
 3856. 3809. 3813. 3920. 3847. 3902. 3836. 3862. 3838. 3977. 3875.  789.
  825.  741.  769.  827.  806.  805.  856.  789.  770.  782.  812.  766.
  850.  782.  820.  800.  796.  805.  830.  791.  812.  786.  816.  780.
  788.  782.  810.  800.  824.  812.  801.  844.  779.  782.  757.  741.
  810.  789.  767.  747.  812.  778.  742.  806.  738.  852.  791.  790.
  773.]
Total events this file: 165572
Total events saved: 428370, Saved this file: 25748, Finsihed file: /mnt/scratch/micall12/training_files/NuMu_140000_000016_level2_sim4.zst_precleaning_lt200_NOvertex_IC19.hdf5
[   0.    0.    0.    0.    0.    0.    0. 3200. 3475. 3700. 3873. 3875.
 4141. 4059. 4403. 4384. 4469. 4474. 4594. 4679. 4701. 4901. 4891. 4993.
 5001. 5030. 5035. 4997. 5080. 5175. 5220. 5101. 5031. 5189. 5277. 5193.
 5467. 5250. 5348. 5393. 5326. 5303. 5478. 5328. 5406. 4100. 4007. 4044.
 3972. 3963. 4035. 3947. 4079. 3929. 4076. 3930. 4012. 4090. 4079. 3987.
 4091. 3974. 4150. 3975. 4101. 4169. 4072. 4009. 4071. 4033. 4002. 4071.
 4142. 4124. 4187. 3973. 3916. 4070. 4072. 4062. 4107. 4145. 4125. 4081.
 4092. 4087. 4062. 4161. 4098. 4166. 4075. 4115. 4075. 4194. 4116.  850.
  884.  802.  824.  885.  857.  864.  903.  852.  827.  826.  869.  835.
  904.  851.  874.  859.  864.  863.  891.  839.  872.  849.  876.  842.
  853.  841.  876.  850.  894.  866.  871.  910.  845.  856.  819.  799.
  868.  849.  824.  794.  871.  853.  802.  853.  807.  911.  861.  848.
  834.]
Total events this file: 166629
Total events saved: 453991, Saved this file: 25621, Finsihed file: /mnt/scratch/micall12/training_files/NuMu_140000_000017_level2_sim4.zst_precleaning_lt200_NOvertex_IC19.hdf5
[   0.    0.    0.    0.    0.    0.    0. 3386. 3673. 3919. 4090. 4090.
 4376. 4326. 4670. 4626. 4725. 4714. 4895. 4940. 4998. 5183. 5158. 5250.
 5283. 5316. 5301. 5306. 5397. 5494. 5501. 5403. 5329. 5503. 5557. 5482.
 5746. 5594. 5658. 5720. 5651. 5621. 5789. 5626. 5713. 4315. 4253. 4283.
 4207. 4203. 4284. 4172. 4324. 4173. 4302. 4166. 4218. 4329. 4329. 4219.
 4316. 4209. 4401. 4219. 4333. 4407. 4311. 4250. 4308. 4275. 4250. 4327.
 4414. 4376. 4436. 4223. 4179. 4311. 4362. 4305. 4347. 4411. 4337. 4340.
 4325. 4334. 4321. 4386. 4351. 4399. 4338. 4345. 4317. 4401. 4346.  917.
  942.  862.  873.  957.  904.  932.  966.  911.  885.  878.  935.  892.
  956.  912.  936.  920.  926.  905.  956.  905.  943.  911.  942.  893.
  916.  903.  935.  908.  947.  935.  925.  979.  899.  926.  871.  857.
  934.  895.  876.  862.  922.  907.  855.  915.  867.  973.  937.  906.
  886.]
Total events this file: 166477
Total events saved: 479584, Saved this file: 25593, Finsihed file: /mnt/scratch/micall12/training_files/NuMu_140000_000018_level2_sim4.zst_precleaning_lt200_NOvertex_IC19.hdf5
[   0.    0.    0.    0.    0.    0.    0. 3572. 3878. 4128. 4324. 4299.
 4585. 4547. 4916. 4865. 5003. 4965. 5168. 5227. 5252. 5451. 5451. 5532.
 5574. 5588. 5598. 5627. 5704. 5790. 5821. 5697. 5631. 5793. 5857. 5763.
 6032. 5904. 5962. 6016. 5988. 5945. 6111. 5912. 6026. 4558. 4526. 4514.
 4417. 4431. 4521. 4407. 4578. 4422. 4575. 4386. 4454. 4544. 4553. 4460.
 4557. 4437. 4633. 4462. 4586. 4665. 4542. 4463. 4561. 4521. 4526. 4569.
 4666. 4610. 4675. 4464. 4413. 4585. 4589. 4552. 4586. 4662. 4610. 4584.
 4567. 4579. 4526. 4651. 4602. 4638. 4586. 4572. 4548. 4675. 4570.  981.
  999.  924.  947. 1022.  964.  996. 1029.  954.  933.  947.  992.  957.
 1011.  966.  990.  974.  985.  965. 1027.  969. 1000.  962. 1008.  966.
  982.  964.  993.  959. 1016.  997.  983. 1046.  969.  971.  932.  935.
  980.  963.  938.  920.  972.  954.  913.  975.  924. 1030. 1001.  969.
  950.]
Total events this file: 155736
Total events saved: 504758, Saved this file: 25174, Finsihed file: /mnt/scratch/micall12/training_files/NuMu_140000_000019_level2_sim4.zst_precleaning_lt200_NOvertex_IC19.hdf5
[   0.    0.    0.    0.    0.    0.    0. 3755. 4111. 4352. 4589. 4552.
 4830. 4806. 5193. 5125. 5287. 5271. 5451. 5513. 5558. 5769. 5745. 5854.
 5895. 5919. 5908. 5951. 6018. 6080. 6135. 6063. 5985. 6131. 6153. 6064.
 6335. 6239. 6302. 6360. 6317. 6269. 6456. 6235. 6392. 4829. 4786. 4766.
 4689. 4715. 4812. 4618. 4809. 4730. 4845. 4657. 4745. 4798. 4840. 4723.
 4837. 4705. 4898. 4745. 4873. 4953. 4835. 4739. 4841. 4792. 4789. 4837.
 4927. 4901. 4938. 4725. 4726. 4850. 4896. 4821. 4854. 4936. 4890. 4858.
 4851. 4872. 4811. 4915. 4853. 4904. 4888. 4876. 4831. 4941. 4816.  981.
  999.  924.  947. 1022.  964.  996. 1029.  954.  933.  947.  992.  957.
 1011.  966.  990.  974.  985.  965. 1027.  969. 1000.  962. 1008.  966.
  982.  964.  993.  959. 1016.  997.  983. 1046.  969.  971.  932.  935.
  980.  963.  938.  920.  972.  954.  913.  975.  924. 1030. 1001.  969.
  950.]
Total events this file: 148354
Total events saved: 529660, Saved this file: 24902, Finsihed file: /mnt/scratch/micall12/training_files/NuMu_140000_000020_level2_sim4.zst_precleaning_lt200_NOvertex_IC19.hdf5
[   0.    0.    0.    0.    0.    0.    0. 3934. 4342. 4568. 4837. 4814.
 5088. 5064. 5474. 5381. 5559. 5549. 5737. 5838. 5845. 6058. 6070. 6177.
 6177. 6191. 6234. 6286. 6337. 6418. 6441. 6405. 6310. 6463. 6451. 6367.
 6647. 6556. 6649. 6699. 6640. 6602. 6791. 6543. 6697. 5068. 5034. 5042.
 4968. 4980. 5107. 4904. 5093. 5021. 5113. 4924. 5031. 5072. 5114. 4990.
 5101. 4967. 5142. 5028. 5124. 5227. 5127. 5018. 5106. 5031. 5090. 5112.
 5203. 5177. 5202. 4993. 4983. 5126. 5163. 5087. 5141. 5197. 5147. 5139.
 5126. 5168. 5132. 5194. 5127. 5173. 5171. 5133. 5099. 5216. 5086.  981.
  999.  924.  947. 1022.  964.  996. 1029.  954.  933.  947.  992.  957.
 1011.  966.  990.  974.  985.  965. 1027.  969. 1000.  962. 1008.  966.
  982.  964.  993.  959. 1016.  997.  983. 1046.  969.  971.  932.  935.
  980.  963.  938.  920.  972.  954.  913.  975.  924. 1030. 1001.  969.
  950.]
Total events this file: 155957
Total events saved: 555174, Saved this file: 25514, Finsihed file: /mnt/scratch/micall12/training_files/NuMu_140000_000021_level2_sim4.zst_precleaning_lt200_NOvertex_IC19.hdf5
[   0.    0.    0.    0.    0.    0.    0. 4127. 4560. 4837. 5085. 5073.
 5346. 5324. 5763. 5659. 5843. 5867. 6069. 6143. 6159. 6340. 6371. 6487.
 6469. 6477. 6524. 6622. 6647. 6772. 6737. 6733. 6630. 6809. 6774. 6733.
 6979. 6910. 6961. 7051. 7004. 6941. 7127. 6872. 7051. 5329. 5305. 5308.
 5230. 5246. 5383. 5190. 5379. 5326. 5397. 5196. 5302. 5374. 5388. 5277.
 5374. 5265. 5451. 5297. 5392. 5511. 5406. 5290. 5365. 5299. 5391. 5391.
 5473. 5455. 5480. 5261. 5282. 5395. 5427. 5382. 5402. 5501. 5420. 5412.
 5376. 5454. 5418. 5483. 5429. 5430. 5437. 5396. 5364. 5500. 5355.  981.
  999.  924.  947. 1022.  964.  996. 1029.  954.  933.  947.  992.  957.
 1011.  966.  990.  974.  985.  965. 1027.  969. 1000.  962. 1008.  966.
  982.  964.  993.  959. 1016.  997.  983. 1046.  969.  971.  932.  935.
  980.  963.  938.  920.  972.  954.  913.  975.  924. 1030. 1001.  969.
  950.]
Total events this file: 105716
Total events saved: 567958, Saved this file: 12784, Finsihed file: /mnt/scratch/micall12/training_files/NuMu_140000_000022_level2_sim4.zst_precleaning_lt200_NOvertex_IC19.hdf5
[   0.    0.    0.    0.    0.    0.    0. 4135. 4582. 4848. 5098. 5087.
 5369. 5341. 5773. 5677. 5861. 5883. 6083. 6156. 6180. 6361. 6390. 6506.
 6482. 6503. 6545. 6646. 6667. 6794. 6761. 6751. 6651. 6827. 6796. 6754.
 7001. 6934. 6985. 7071. 7022. 6961. 7141. 6892. 7080. 5556. 5533. 5544.
 5489. 5483. 5629. 5428. 5625. 5566. 5634. 5428. 5518. 5634. 5643. 5505.
 5633. 5489. 5693. 5549. 5639. 5756. 5684. 5499. 5580. 5560. 5637. 5634.
 5715. 5684. 5709. 5499. 5521. 5665. 5659. 5624. 5647. 5755. 5673. 5678.
 5593. 5698. 5669. 5702. 5656. 5685. 5721. 5638. 5605. 5721. 5575.  981.
  999.  924.  947. 1022.  964.  996. 1029.  954.  933.  947.  992.  957.
 1011.  966.  990.  974.  985.  965. 1027.  969. 1000.  962. 1008.  966.
  982.  964.  993.  959. 1016.  997.  983. 1046.  969.  971.  932.  935.
  980.  963.  938.  920.  972.  954.  913.  975.  924. 1030. 1001.  969.
  950.]
Total events this file: 162144
Total events saved: 593827, Saved this file: 25869, Finsihed file: /mnt/scratch/micall12/training_files/NuMu_140000_000023_level2_sim4.zst_precleaning_lt200_NOvertex_IC19.hdf5
[   0.    0.    0.    0.    0.    0.    0. 4363. 4804. 5069. 5332. 5361.
 5658. 5560. 6038. 5946. 6154. 6167. 6377. 6464. 6484. 6681. 6711. 6813.
 6759. 6822. 6862. 6958. 7005. 7135. 7098. 7091. 6954. 7203. 7100. 7101.
 7334. 7238. 7314. 7391. 7357. 7285. 7489. 7210. 7406. 5834. 5801. 5793.
 5743. 5757. 5927. 5700. 5884. 5851. 5934. 5705. 5775. 5915. 5892. 5774.
 5883. 5779. 5971. 5839. 5905. 6036. 5948. 5777. 5864. 5798. 5897. 5929.
 5953. 5944. 5982. 5760. 5822. 5947. 5903. 5917. 5929. 6044. 5959. 5969.
 5858. 5970. 5960. 5965. 5951. 5975. 5994. 5947. 5870. 6006. 5817.  988.
 1012.  936.  970. 1031.  974. 1002. 1043.  969.  950.  959. 1007.  967.
 1024.  979. 1003.  986. 1000.  980. 1038.  984. 1015.  978. 1019.  973.
  991.  979. 1008.  976. 1031. 1014. 1003. 1062.  976.  978.  955.  958.
  993.  970.  953.  931.  985.  973.  928.  987.  939. 1049. 1013.  981.
  960.]
Total events this file: 161950
Total events saved: 619807, Saved this file: 25980, Finsihed file: /mnt/scratch/micall12/training_files/NuMu_140000_000024_level2_sim4.zst_precleaning_lt200_NOvertex_IC19.hdf5
[   0.    0.    0.    0.    0.    0.    0. 4564. 5036. 5320. 5550. 5618.
 5929. 5837. 6317. 6203. 6461. 6448. 6641. 6757. 6780. 6991. 7022. 7116.
 7058. 7114. 7175. 7285. 7354. 7469. 7457. 7420. 7281. 7537. 7438. 7425.
 7675. 7546. 7678. 7732. 7701. 7637. 7809. 7536. 7768. 6089. 6075. 6058.
 5971. 6020. 6206. 5980. 6150. 6091. 6205. 5981. 6047. 6183. 6183. 6032.
 6144. 6042. 6275. 6140. 6180. 6295. 6223. 6035. 6149. 6080. 6169. 6211.
 6237. 6242. 6270. 6071. 6098. 6234. 6172. 6215. 6181. 6310. 6222. 6259.
 6139. 6275. 6243. 6210. 6220. 6302. 6282. 6228. 6147. 6272. 6045.  996.
 1019.  950.  976. 1042.  985. 1016. 1060.  985.  964.  974. 1022.  986.
 1032.  990. 1013.  998. 1013.  992. 1046. 1002. 1030.  994. 1036.  985.
 1006.  997. 1026.  988. 1044. 1029. 1016. 1072.  985.  993.  981.  969.
 1001.  980.  966.  943.  997.  996.  941.  997.  947. 1055. 1029. 1000.
  970.]
Total events this file: 82312
Total events saved: 632971, Saved this file: 13164, Finsihed file: /mnt/scratch/micall12/training_files/NuMu_140000_000025_level2_sim4.zst_precleaning_lt200_NOvertex_IC19.hdf5
[   0.    0.    0.    0.    0.    0.    0. 4744. 5269. 5562. 5805. 5887.
 6158. 6112. 6603. 6460. 6730. 6736. 6909. 7073. 7078. 7285. 7345. 7450.
 7354. 7425. 7528. 7613. 7710. 7766. 7795. 7736. 7627. 7856. 7740. 7727.
 8002. 7896. 8049. 8054. 7987. 7977. 8166. 7872. 8101. 6121. 6111. 6092.
 6001. 6046. 6243. 6009. 6191. 6123. 6230. 6016. 6085. 6214. 6213. 6073.
 6182. 6069. 6306. 6182. 6213. 6325. 6258. 6068. 6182. 6106. 6200. 6243.
 6269. 6279. 6305. 6115. 6126. 6261. 6207. 6247. 6215. 6335. 6247. 6295.
 6172. 6319. 6271. 6254. 6252. 6329. 6311. 6262. 6185. 6307. 6085.  996.
 1019.  950.  976. 1042.  985. 1016. 1060.  985.  964.  974. 1022.  986.
 1032.  990. 1013.  998. 1013.  992. 1046. 1002. 1030.  994. 1036.  985.
 1006.  997. 1026.  988. 1044. 1029. 1016. 1072.  985.  993.  981.  969.
 1001.  980.  966.  943.  997.  996.  941.  997.  947. 1055. 1029. 1000.
  970.]
Total events this file: 102333
Total events saved: 648322, Saved this file: 15351, Finsihed file: /mnt/scratch/micall12/training_files/NuMu_140000_000026_level2_sim4.zst_precleaning_lt200_NOvertex_IC19.hdf5
[   0.    0.    0.    0.    0.    0.    0. 4940. 5463. 5800. 6054. 6156.
 6429. 6360. 6860. 6747. 7017. 7003. 7206. 7353. 7374. 7605. 7672. 7766.
 7684. 7725. 7862. 7935. 8006. 8054. 8141. 8065. 7952. 8170. 8067. 8044.
 8331. 8250. 8376. 8400. 8293. 8330. 8504. 8232. 8419. 6155. 6143. 6126.
 6033. 6085. 6283. 6048. 6222. 6152. 6258. 6051. 6111. 6246. 6243. 6101.
 6216. 6116. 6342. 6216. 6250. 6357. 6288. 6105. 6209. 6143. 6229. 6277.
 6301. 6306. 6321. 6138. 6163. 6293. 6253. 6279. 6242. 6360. 6287. 6338.
 6200. 6355. 6301. 6284. 6272. 6370. 6340. 6297. 6220. 6340. 6122. 1043.
 1072.  996. 1020. 1077. 1034. 1060. 1113. 1041. 1005. 1024. 1073. 1040.
 1069. 1027. 1048. 1051. 1057. 1027. 1089. 1054. 1082. 1050. 1075. 1021.
 1050. 1045. 1067. 1033. 1078. 1074. 1054. 1113. 1038. 1037. 1025. 1012.
 1039. 1027. 1009.  986. 1044. 1042.  997. 1048.  984. 1103. 1067. 1060.
 1010.]
Total events this file: 151291
Total events saved: 672527, Saved this file: 24205, Finsihed file: /mnt/scratch/micall12/training_files/NuMu_140000_000027_level2_sim4.zst_precleaning_lt200_NOvertex_IC19.hdf5
[   0.    0.    0.    0.    0.    0.    0. 5159. 5673. 6004. 6280. 6368.
 6696. 6607. 7140. 7002. 7300. 7294. 7472. 7646. 7662. 7918. 7981. 8069.
 7988. 8017. 8183. 8218. 8341. 8341. 8481. 8338. 8288. 8484. 8389. 8341.
 8628. 8556. 8704. 8710. 8614. 8651. 8824. 8603. 8750. 6422. 6370. 6397.
 6305. 6357. 6533. 6306. 6469. 6399. 6522. 6299. 6361. 6502. 6500. 6333.
 6481. 6359. 6619. 6482. 6498. 6607. 6559. 6383. 6467. 6373. 6515. 6550.
 6597. 6561. 6591. 6391. 6462. 6581. 6506. 6541. 6527. 6622. 6555. 6592.
 6463. 6616. 6573. 6546. 6529. 6636. 6572. 6557. 6498. 6623. 6410. 1043.
 1072.  996. 1020. 1077. 1034. 1060. 1113. 1041. 1005. 1024. 1073. 1040.
 1069. 1027. 1048. 1051. 1057. 1027. 1089. 1054. 1082. 1050. 1075. 1021.
 1050. 1045. 1067. 1033. 1078. 1074. 1054. 1113. 1038. 1037. 1025. 1012.
 1039. 1027. 1009.  986. 1044. 1042.  997. 1048.  984. 1103. 1067. 1060.
 1010.]
Total events this file: 154581
Total events saved: 697578, Saved this file: 25051, Finsihed file: /mnt/scratch/micall12/training_files/NuMu_140000_000028_level2_sim4.zst_precleaning_lt200_NOvertex_IC19.hdf5
[   0.    0.    0.    0.    0.    0.    0. 5367. 5865. 6219. 6545. 6598.
 6976. 6878. 7413. 7283. 7581. 7572. 7765. 7954. 7964. 8217. 8323. 8363.
 8309. 8328. 8494. 8523. 8647. 8684. 8794. 8650. 8631. 8804. 8726. 8696.
 8962. 8938. 9039. 9051. 8927. 8955. 9186. 8951. 9068. 6694. 6634. 6630.
 6566. 6636. 6803. 6592. 6739. 6671. 6770. 6552. 6631. 6800. 6740. 6601.
 6736. 6645. 6923. 6772. 6773. 6899. 6824. 6661. 6760. 6669. 6782. 6775.
 6867. 6823. 6883. 6650. 6706. 6831. 6778. 6824. 6757. 6894. 6830. 6884.
 6731. 6880. 6839. 6820. 6811. 6919. 6832. 6847. 6784. 6914. 6660. 1043.
 1072.  996. 1020. 1077. 1034. 1060. 1113. 1041. 1005. 1024. 1073. 1040.
 1069. 1027. 1048. 1051. 1057. 1027. 1089. 1054. 1082. 1050. 1075. 1021.
 1050. 1045. 1067. 1033. 1078. 1074. 1054. 1113. 1038. 1037. 1025. 1012.
 1039. 1027. 1009.  986. 1044. 1042.  997. 1048.  984. 1103. 1067. 1060.
 1010.]
Total events this file: 156561
Total events saved: 722822, Saved this file: 25244, Finsihed file: /mnt/scratch/micall12/training_files/NuMu_140000_000029_level2_sim4.zst_precleaning_lt200_NOvertex_IC19.hdf5
[   0.    0.    0.    0.    0.    0.    0. 5566. 6062. 6430. 6808. 6854.
 7238. 7131. 7677. 7550. 7850. 7865. 8032. 8248. 8243. 8497. 8677. 8661.
 8628. 8658. 8798. 8851. 8946. 9019. 9124. 8999. 8975. 9115. 9050. 9001.
 9278. 9265. 9405. 9388. 9259. 9298. 9528. 9315. 9400. 6946. 6911. 6867.
 6867. 6877. 7060. 6852. 7037. 6947. 7017. 6838. 6920. 7077. 7017. 6884.
 7048. 6922. 7186. 7024. 7041. 7183. 7101. 6920. 7055. 6938. 7048. 7069.
 7149. 7094. 7175. 6927. 6994. 7106. 7032. 7115. 7026. 7175. 7133. 7153.
 6987. 7151. 7145. 7094. 7105. 7221. 7110. 7125. 7053. 7169. 6952. 1043.
 1072.  996. 1020. 1077. 1034. 1060. 1113. 1041. 1005. 1024. 1073. 1040.
 1069. 1027. 1048. 1051. 1057. 1027. 1089. 1054. 1082. 1050. 1075. 1021.
 1050. 1045. 1067. 1033. 1078. 1074. 1054. 1113. 1038. 1037. 1025. 1012.
 1039. 1027. 1009.  986. 1044. 1042.  997. 1048.  984. 1103. 1067. 1060.
 1010.]
Total events this file: 155580
Total events saved: 748124, Saved this file: 25302, Finsihed file: /mnt/scratch/micall12/training_files/NuMu_140000_000030_level2_sim4.zst_precleaning_lt200_NOvertex_IC19.hdf5
[   0.    0.    0.    0.    0.    0.    0. 5757. 6276. 6645. 7020. 7114.
 7502. 7391. 7913. 7861. 8160. 8134. 8337. 8549. 8546. 8762. 9011. 9003.
 8947. 8963. 9112. 9195. 9250. 9358. 9473. 9330. 9274. 9445. 9367. 9323.
 9617. 9627. 9730. 9725. 9610. 9585. 9864. 9666. 9721. 7212. 7183. 7144.
 7144. 7151. 7323. 7137. 7296. 7213. 7296. 7161. 7166. 7343. 7304. 7164.
 7311. 7192. 7463. 7286. 7293. 7458. 7364. 7190. 7329. 7189. 7357. 7352.
 7446. 7372. 7449. 7196. 7279. 7373. 7325. 7397. 7338. 7447. 7388. 7448.
 7267. 7415. 7430. 7381. 7370. 7489. 7393. 7440. 7326. 7439. 7242. 1043.
 1072.  996. 1020. 1077. 1034. 1060. 1113. 1041. 1005. 1024. 1073. 1040.
 1069. 1027. 1048. 1051. 1057. 1027. 1089. 1054. 1082. 1050. 1075. 1021.
 1050. 1045. 1067. 1033. 1078. 1074. 1054. 1113. 1038. 1037. 1025. 1012.
 1039. 1027. 1009.  986. 1044. 1042.  997. 1048.  984. 1103. 1067. 1060.
 1010.]
Total events this file: 154382
Total events saved: 773128, Saved this file: 25004, Finsihed file: /mnt/scratch/micall12/training_files/NuMu_140000_000031_level2_sim4.zst_precleaning_lt200_NOvertex_IC19.hdf5
[    0.     0.     0.     0.     0.     0.     0.  5971.  6483.  6897.
  7266.  7343.  7768.  7671.  8197.  8125.  8413.  8426.  8609.  8826.
  8852.  9048.  9332.  9321.  9261.  9274.  9400.  9528.  9573.  9671.
  9787.  9696.  9603.  9778.  9700.  9636.  9947.  9973. 10069. 10094.
  9947.  9906. 10190. 10012. 10071.  7512.  7417.  7400.  7378.  7403.
  7579.  7412.  7534.  7466.  7542.  7438.  7447.  7633.  7558.  7456.
  7629.  7468.  7722.  7562.  7547.  7709.  7652.  7489.  7580.  7482.
  7632.  7632.  7732.  7622.  7736.  7505.  7534.  7644.  7599.  7653.
  7625.  7693.  7656.  7746.  7532.  7705.  7705.  7629.  7636.  7768.
  7649.  7709.  7575.  7707.  7535.  1043.  1072.   996.  1020.  1077.
  1034.  1060.  1113.  1041.  1005.  1024.  1073.  1040.  1069.  1027.
  1048.  1051.  1057.  1027.  1089.  1054.  1082.  1050.  1075.  1021.
  1050.  1045.  1067.  1033.  1078.  1074.  1054.  1113.  1038.  1037.
  1025.  1012.  1039.  1027.  1009.   986.  1044.  1042.   997.  1048.
   984.  1103.  1067.  1060.  1010.]
Total events this file: 156044
Total events saved: 798387, Saved this file: 25259, Finsihed file: /mnt/scratch/micall12/training_files/NuMu_140000_000032_level2_sim4.zst_precleaning_lt200_NOvertex_IC19.hdf5
[    0.     0.     0.     0.     0.     0.     0.  6200.  6706.  7104.
  7496.  7609.  8021.  7955.  8479.  8386.  8679.  8713.  8882.  9113.
  9169.  9353.  9619.  9614.  9573.  9607.  9733.  9830.  9886. 10011.
 10117. 10031.  9925. 10089. 10050.  9970. 10297. 10323. 10409. 10426.
 10313. 10253. 10505. 10323. 10413.  7782.  7663.  7663.  7652.  7682.
  7875.  7687.  7786.  7776.  7806.  7711.  7724.  7898.  7839.  7728.
  7892.  7722.  8005.  7828.  7821.  7997.  7944.  7753.  7843.  7744.
  7903.  7931.  8005.  7898.  8004.  7783.  7828.  7882.  7854.  7937.
  7920.  7965.  7942.  8029.  7808.  7996.  7994.  7918.  7917.  8052.
  7915.  7974.  7850.  7992.  7797.  1043.  1072.   996.  1020.  1077.
  1034.  1060.  1113.  1041.  1005.  1024.  1073.  1040.  1069.  1027.
  1048.  1051.  1057.  1027.  1089.  1054.  1082.  1050.  1075.  1021.
  1050.  1045.  1067.  1033.  1078.  1074.  1054.  1113.  1038.  1037.
  1025.  1012.  1039.  1027.  1009.   986.  1044.  1042.   997.  1048.
   984.  1103.  1067.  1060.  1010.]
Total events this file: 119424
Total events saved: 813757, Saved this file: 15370, Finsihed file: /mnt/scratch/micall12/training_files/NuMu_140000_000033_level2_sim4.zst_precleaning_lt200_NOvertex_IC19.hdf5
[    0.     0.     0.     0.     0.     0.     0.  6242.  6740.  7158.
  7535.  7650.  8046.  7990.  8509.  8424.  8721.  8760.  8933.  9164.
  9216.  9401.  9671.  9653.  9623.  9649.  9785.  9869.  9924. 10052.
 10173. 10074.  9974. 10145. 10107. 10031. 10353. 10373. 10465. 10477.
 10364. 10311. 10558. 10381. 10473.  8046.  7919.  7923.  7925.  7946.
  8180.  7957.  8032.  8029.  8066.  7978.  7981.  8169.  8094.  8001.
  8153.  7988.  8292.  8110.  8084.  8255.  8195.  8037.  8107.  8027.
  8174.  8221.  8264.  8182.  8273.  8069.  8096.  8130.  8103.  8197.
  8222.  8236.  8213.  8286.  8103.  8275.  8271.  8202.  8200.  8355.
  8246.  8246.  8106.  8262.  8067.  1043.  1072.   996.  1020.  1077.
  1034.  1060.  1113.  1041.  1005.  1024.  1073.  1040.  1069.  1027.
  1048.  1051.  1057.  1027.  1089.  1054.  1082.  1050.  1075.  1021.
  1050.  1045.  1067.  1033.  1078.  1074.  1054.  1113.  1038.  1037.
  1025.  1012.  1039.  1027.  1009.   986.  1044.  1042.   997.  1048.
   984.  1103.  1067.  1060.  1010.]
Total events this file: 120187
Total events saved: 829264, Saved this file: 15507, Finsihed file: /mnt/scratch/micall12/training_files/NuMu_140000_000034_level2_sim4.zst_precleaning_lt200_NOvertex_IC19.hdf5
[    0.     0.     0.     0.     0.     0.     0.  6267.  6767.  7189.
  7578.  7684.  8083.  8034.  8544.  8456.  8765.  8808.  8974.  9211.
  9250.  9454.  9727.  9705.  9681.  9692.  9849.  9909.  9975. 10104.
 10227. 10133. 10025. 10192. 10155. 10093. 10410. 10430. 10520. 10525.
 10405. 10354. 10615. 10436. 10522.  8327.  8185.  8225.  8180.  8203.
  8421.  8245.  8316.  8294.  8339.  8248.  8274.  8447.  8369.  8284.
  8431.  8238.  8563.  8384.  8370.  8526.  8461.  8324.  8420.  8304.
  8470.  8482.  8525.  8441.  8557.  8362.  8355.  8432.  8367.  8478.
  8467.  8498.  8478.  8556.  8403.  8555.  8524.  8478.  8497.  8651.
  8506.  8507.  8364.  8552.  8343.  1043.  1072.   996.  1020.  1077.
  1034.  1060.  1113.  1041.  1005.  1024.  1073.  1040.  1069.  1027.
  1048.  1051.  1057.  1027.  1089.  1054.  1082.  1050.  1075.  1021.
  1050.  1045.  1067.  1033.  1078.  1074.  1054.  1113.  1038.  1037.
  1025.  1012.  1039.  1027.  1009.   986.  1044.  1042.   997.  1048.
   984.  1103.  1067.  1060.  1010.]
Total events this file: 156170
Total events saved: 854620, Saved this file: 25356, Finsihed file: /mnt/scratch/micall12/training_files/NuMu_140000_000035_level2_sim4.zst_precleaning_lt200_NOvertex_IC19.hdf5
[    0.     0.     0.     0.     0.     0.     0.  6465.  7013.  7406.
  7797.  7927.  8360.  8315.  8777.  8753.  9047.  9128.  9310.  9511.
  9549.  9740. 10029. 10007. 10002. 10030. 10162. 10250. 10294. 10405.
 10599. 10417. 10343. 10495. 10455. 10441. 10752. 10764. 10876. 10887.
 10738. 10690. 10945. 10753. 10859.  8584.  8477.  8492.  8450.  8476.
  8691.  8539.  8613.  8571.  8626.  8518.  8532.  8737.  8643.  8557.
  8693.  8512.  8841.  8661.  8636.  8812.  8696.  8607.  8659.  8576.
  8764.  8747.  8789.  8720.  8839.  8661.  8674.  8708.  8615.  8780.
  8725.  8792.  8761.  8837.  8679.  8845.  8785.  8736.  8795.  8947.
  8775.  8759.  8640.  8854.  8613.  1043.  1072.   996.  1020.  1077.
  1034.  1060.  1113.  1041.  1005.  1024.  1073.  1040.  1069.  1027.
  1048.  1051.  1057.  1027.  1089.  1054.  1082.  1050.  1075.  1021.
  1050.  1045.  1067.  1033.  1078.  1074.  1054.  1113.  1038.  1037.
  1025.  1012.  1039.  1027.  1009.   986.  1044.  1042.   997.  1048.
   984.  1103.  1067.  1060.  1010.]
Total events this file: 155964
Total events saved: 879821, Saved this file: 25201, Finsihed file: /mnt/scratch/micall12/training_files/NuMu_140000_000036_level2_sim4.zst_precleaning_lt200_NOvertex_IC19.hdf5
[    0.     0.     0.     0.     0.     0.     0.  6664.  7234.  7626.
  8026.  8168.  8603.  8543.  9039.  9044.  9340.  9436.  9622.  9800.
  9841. 10046. 10341. 10342. 10335. 10336. 10492. 10578. 10599. 10725.
 10927. 10751. 10703. 10819. 10779. 10780. 11106. 11086. 11200. 11205.
 11070. 10995. 11270. 11067. 11204.  8869.  8732.  8750.  8719.  8734.
  8957.  8826.  8870.  8844.  8892.  8782.  8814.  9015.  8891.  8821.
  8935.  8806.  9128.  8968.  8895.  9090.  8983.  8894.  8939.  8843.
  9044.  9034.  9079.  8985.  9106.  8946.  8956.  8973.  8884.  9044.
  9002.  9078.  9024.  9108.  8974.  9119.  9033.  9046.  9078.  9228.
  9033.  9015.  8946.  9142.  8915.  1043.  1072.   996.  1020.  1077.
  1034.  1060.  1113.  1041.  1005.  1024.  1073.  1040.  1069.  1027.
  1048.  1051.  1057.  1027.  1089.  1054.  1082.  1050.  1075.  1021.
  1050.  1045.  1067.  1033.  1078.  1074.  1054.  1113.  1038.  1037.
  1025.  1012.  1039.  1027.  1009.   986.  1044.  1042.   997.  1048.
   984.  1103.  1067.  1060.  1010.]
Total events this file: 43878
Total events saved: 882553, Saved this file: 2732, Finsihed file: /mnt/scratch/micall12/training_files/NuMu_140000_000037_level2_sim4.zst_precleaning_lt200_NOvertex_IC19.hdf5
[    0.     0.     0.     0.     0.     0.     0.  6689.  7247.  7650.
  8052.  8193.  8627.  8566.  9068.  9072.  9373.  9463.  9639.  9826.
  9866. 10077. 10371. 10365. 10363. 10365. 10523. 10607. 10625. 10752.
 10956. 10789. 10740. 10841. 10814. 10815. 11141. 11114. 11229. 11232.
 11103. 11026. 11305. 11093. 11245.  8898.  8770.  8793.  8747.  8769.
  8985.  8857.  8905.  8861.  8930.  8805.  8846.  9042.  8938.  8851.
  8969.  8831.  9163.  9002.  8937.  9127.  9015.  8929.  8977.  8867.
  9076.  9061.  9114.  9026.  9131.  8984.  8996.  9005.  8906.  9074.
  9043.  9106.  9071.  9144.  9009.  9149.  9066.  9076.  9117.  9259.
  9067.  9050.  8971.  9181.  8945.  1043.  1072.   996.  1020.  1077.
  1034.  1060.  1113.  1041.  1005.  1024.  1073.  1040.  1069.  1027.
  1048.  1051.  1057.  1027.  1089.  1054.  1082.  1050.  1075.  1021.
  1050.  1045.  1067.  1033.  1078.  1074.  1054.  1113.  1038.  1037.
  1025.  1012.  1039.  1027.  1009.   986.  1044.  1042.   997.  1048.
   984.  1103.  1067.  1060.  1010.]
Total events this file: 44490
Total events saved: 885247, Saved this file: 2694, Finsihed file: /mnt/scratch/micall12/training_files/NuMu_140000_000038_level2_sim4.zst_precleaning_lt200_NOvertex_IC19.hdf5
[    0.     0.     0.     0.     0.     0.     0.  6700.  7264.  7676.
  8072.  8213.  8655.  8593.  9091.  9089.  9397.  9495.  9667.  9845.
  9906. 10111. 10394. 10395. 10384. 10398. 10564. 10633. 10645. 10790.
 10988. 10826. 10767. 10867. 10848. 10841. 11176. 11147. 11265. 11262.
 11146. 11058. 11337. 11130. 11266.  8922.  8808.  8835.  8780.  8796.
  9009.  8882.  8943.  8884.  8958.  8840.  8877.  9077.  8975.  8895.
  9008.  8862.  9191.  9033.  8964.  9155.  9048.  8970.  9009.  8895.
  9104.  9103.  9141.  9057.  9158.  9014.  9023.  9034.  8931.  9101.
  9078.  9136.  9111.  9186.  9041.  9187.  9104.  9104.  9152.  9293.
  9105.  9087.  8998.  9218.  8974.  1043.  1072.   996.  1020.  1077.
  1034.  1060.  1113.  1041.  1005.  1024.  1073.  1040.  1069.  1027.
  1048.  1051.  1057.  1027.  1089.  1054.  1082.  1050.  1075.  1021.
  1050.  1045.  1067.  1033.  1078.  1074.  1054.  1113.  1038.  1037.
  1025.  1012.  1039.  1027.  1009.   986.  1044.  1042.   997.  1048.
   984.  1103.  1067.  1060.  1010.]
Total events this file: 156124
Total events saved: 910598, Saved this file: 25351, Finsihed file: /mnt/scratch/micall12/training_files/NuMu_140000_000039_level2_sim4.zst_precleaning_lt200_NOvertex_IC19.hdf5
[    0.     0.     0.     0.     0.     0.     0.  6907.  7464.  7894.
  8341.  8451.  8890.  8872.  9364.  9341.  9662.  9782.  9963. 10151.
 10210. 10404. 10708. 10694. 10693. 10692. 10874. 10967. 10927. 11113.
 11309. 11151. 11101. 11205. 11152. 11216. 11578. 11494. 11592. 11610.
 11464. 11376. 11673. 11457. 11648.  9180.  9071.  9067.  9043.  9069.
  9255.  9146.  9230.  9151.  9265.  9101.  9141.  9363.  9247.  9185.
  9257.  9140.  9451.  9327.  9236.  9424.  9328.  9232.  9281.  9158.
  9384.  9412.  9401.  9340.  9448.  9300.  9310.  9335.  9197.  9406.
  9334.  9431.  9417.  9460.  9342.  9488.  9389.  9396.  9429.  9564.
  9383.  9365.  9290.  9480.  9269.  1043.  1072.   996.  1020.  1077.
  1034.  1060.  1113.  1041.  1005.  1024.  1073.  1040.  1069.  1027.
  1048.  1051.  1057.  1027.  1089.  1054.  1082.  1050.  1075.  1021.
  1050.  1045.  1067.  1033.  1078.  1074.  1054.  1113.  1038.  1037.
  1025.  1012.  1039.  1027.  1009.   986.  1044.  1042.   997.  1048.
   984.  1103.  1067.  1060.  1010.]
Total events this file: 156466
Total events saved: 935901, Saved this file: 25303, Finsihed file: /mnt/scratch/micall12/training_files/NuMu_140000_000040_level2_sim4.zst_precleaning_lt200_NOvertex_IC19.hdf5
[    0.     0.     0.     0.     0.     0.     0.  7112.  7687.  8134.
  8574.  8694.  9129.  9122.  9655.  9627.  9949. 10074. 10248. 10428.
 10518. 10691. 11027. 11013. 11003. 11033. 11202. 11315. 11253. 11440.
 11657. 11448. 11427. 11524. 11465. 11569. 11904. 11810. 11945. 11956.
 11804. 11701. 11948. 11792. 12009.  9431.  9345.  9342.  9308.  9341.
  9513.  9409.  9513.  9440.  9545.  9341.  9426.  9647.  9528.  9458.
  9546.  9439.  9702.  9571.  9511.  9710.  9591.  9489.  9551.  9421.
  9631.  9724.  9652.  9596.  9715.  9595.  9563.  9613.  9496.  9676.
  9625.  9727.  9697.  9765.  9636.  9774.  9681.  9656.  9706.  9842.
  9656.  9648.  9590.  9766.  9576.  1043.  1072.   996.  1020.  1077.
  1034.  1060.  1113.  1041.  1005.  1024.  1073.  1040.  1069.  1027.
  1048.  1051.  1057.  1027.  1089.  1054.  1082.  1050.  1075.  1021.
  1050.  1045.  1067.  1033.  1078.  1074.  1054.  1113.  1038.  1037.
  1025.  1012.  1039.  1027.  1009.   986.  1044.  1042.   997.  1048.
   984.  1103.  1067.  1060.  1010.]
Total events this file: 82554
Total events saved: 948995, Saved this file: 13094, Finsihed file: /mnt/scratch/micall12/training_files/NuMu_140000_000041_level2_sim4.zst_precleaning_lt200_NOvertex_IC19.hdf5
[    0.     0.     0.     0.     0.     0.     0.  7304.  7913.  8373.
  8821.  8961.  9388.  9380.  9930.  9901. 10233. 10376. 10555. 10688.
 10770. 10973. 11316. 11359. 11309. 11376. 11541. 11632. 11566. 11784.
 11950. 11751. 11796. 11851. 11799. 11883. 12242. 12126. 12260. 12290.
 12132. 12049. 12282. 12119. 12361.  9459.  9386.  9373.  9343.  9372.
  9544.  9442.  9549.  9473.  9573.  9369.  9466.  9679.  9562.  9493.
  9574.  9477.  9733.  9597.  9540.  9749.  9630.  9525.  9579.  9452.
  9664.  9763.  9685.  9620.  9750.  9644.  9592.  9643.  9524.  9703.
  9660.  9760.  9728.  9790.  9672.  9803.  9709.  9688.  9744.  9884.
  9689.  9675.  9629.  9803.  9604.  1043.  1072.   996.  1020.  1077.
  1034.  1060.  1113.  1041.  1005.  1024.  1073.  1040.  1069.  1027.
  1048.  1051.  1057.  1027.  1089.  1054.  1082.  1050.  1075.  1021.
  1050.  1045.  1067.  1033.  1078.  1074.  1054.  1113.  1038.  1037.
  1025.  1012.  1039.  1027.  1009.   986.  1044.  1042.   997.  1048.
   984.  1103.  1067.  1060.  1010.]
Total events this file: 162765
Total events saved: 975125, Saved this file: 26130, Finsihed file: /mnt/scratch/micall12/training_files/NuMu_140000_000042_level2_sim4.zst_precleaning_lt200_NOvertex_IC19.hdf5
[    0.     0.     0.     0.     0.     0.     0.  7521.  8130.  8605.
  9055.  9210.  9633.  9656. 10209. 10213. 10516. 10685. 10871. 10979.
 11044. 11272. 11622. 11672. 11633. 11701. 11853. 11956. 11873. 12103.
 12284. 12069. 12091. 12155. 12097. 12244. 12574. 12463. 12538. 12608.
 12502. 12380. 12614. 12479. 12702.  9744.  9681.  9632.  9646.  9655.
  9805.  9730.  9841.  9738.  9848.  9621.  9731.  9960.  9824.  9771.
  9858.  9729.  9996.  9875.  9781. 10053.  9909.  9808.  9857.  9759.
  9939. 10050.  9991.  9885. 10004.  9919.  9876.  9922.  9805.  9984.
  9942. 10046.  9979. 10053.  9975. 10061.  9982.  9957. 10009. 10181.
  9970.  9959.  9904. 10085.  9894.  1064.  1088.  1014.  1038.  1093.
  1050.  1077.  1132.  1060.  1020.  1037.  1087.  1060.  1082.  1046.
  1068.  1061.  1074.  1047.  1102.  1064.  1107.  1064.  1091.  1034.
  1066.  1059.  1081.  1049.  1093.  1089.  1066.  1126.  1058.  1052.
  1046.  1022.  1055.  1042.  1028.   998.  1058.  1062.  1011.  1065.
   996.  1115.  1086.  1073.  1033.]
Total events this file: 162888
Total events saved: 1000972, Saved this file: 25847, Finsihed file: /mnt/scratch/micall12/training_files/NuMu_140000_000043_level2_sim4.zst_precleaning_lt200_NOvertex_IC19.hdf5
[    0.     0.     0.     0.     0.     0.     0.  7723.  8356.  8833.
  9270.  9448.  9904.  9903. 10516. 10476. 10819. 10945. 11168. 11267.
 11353. 11557. 11939. 11997. 11927. 11996. 12172. 12259. 12194. 12433.
 12589. 12411. 12413. 12501. 12397. 12601. 12911. 12816. 12883. 12962.
 12843. 12697. 12954. 12820. 13061. 10017.  9956.  9904.  9914.  9920.
 10096.  9971. 10077.  9993. 10101.  9915.  9979. 10185. 10093. 10016.
 10135.  9999. 10287. 10177. 10058. 10329. 10172. 10102. 10134. 10026.
 10214. 10321. 10272. 10162. 10267. 10194. 10153. 10189. 10063. 10253.
 10214. 10321. 10250. 10350. 10267. 10350. 10239. 10223. 10260. 10462.
 10259. 10237. 10151. 10337. 10146.  1077.  1106.  1031.  1058.  1110.
  1064.  1094.  1152.  1074.  1037.  1054.  1109.  1072.  1097.  1065.
  1089.  1073.  1096.  1065.  1122.  1084.  1130.  1089.  1111.  1051.
  1089.  1067.  1090.  1070.  1110.  1099.  1080.  1145.  1075.  1068.
  1062.  1039.  1070.  1054.  1050.  1017.  1073.  1089.  1027.  1079.
  1007.  1136.  1099.  1091.  1052.]
Total events this file: 171658
Total events saved: 1028433, Saved this file: 27461, Finsihed file: /mnt/scratch/micall12/training_files/NuMu_140000_000044_level2_sim4.zst_precleaning_lt200_NOvertex_IC19.hdf5
[    0.     0.     0.     0.     0.     0.     0.  7933.  8568.  9047.
  9506.  9714. 10128. 10163. 10815. 10731. 11097. 11248. 11454. 11585.
 11667. 11885. 12241. 12336. 12257. 12358. 12488. 12588. 12509. 12767.
 12906. 12776. 12763. 12831. 12762. 12934. 13263. 13164. 13231. 13318.
 13186. 13059. 13303. 13176. 13384. 10306. 10236. 10176. 10176. 10158.
 10348. 10226. 10343. 10268. 10346. 10193. 10269. 10462. 10352. 10289.
 10403. 10245. 10582. 10422. 10351. 10610. 10469. 10405. 10407. 10276.
 10486. 10593. 10540. 10446. 10584. 10443. 10430. 10461. 10362. 10538.
 10489. 10574. 10543. 10647. 10554. 10637. 10539. 10493. 10552. 10716.
 10559. 10509. 10436. 10613. 10463.  1117.  1142.  1076.  1096.  1147.
  1106.  1142.  1193.  1127.  1077.  1093.  1147.  1113.  1131.  1090.
  1121.  1100.  1134.  1094.  1167.  1113.  1167.  1130.  1140.  1089.
  1134.  1110.  1137.  1093.  1142.  1138.  1109.  1178.  1118.  1107.
  1099.  1080.  1108.  1087.  1090.  1047.  1104.  1122.  1058.  1113.
  1041.  1171.  1133.  1123.  1073.]
Total events this file: 173040
Total events saved: 1055646, Saved this file: 27213, Finsihed file: /mnt/scratch/micall12/training_files/NuMu_140000_000045_level2_sim4.zst_precleaning_lt200_NOvertex_IC19.hdf5
[    0.     0.     0.     0.     0.     0.     0.  8129.  8789.  9239.
  9770.  9988. 10378. 10430. 11106. 11006. 11368. 11525. 11723. 11884.
 11961. 12184. 12545. 12637. 12553. 12647. 12811. 12928. 12846. 13103.
 13239. 13111. 13098. 13177. 13074. 13252. 13590. 13505. 13580. 13660.
 13546. 13357. 13651. 13520. 13760. 10571. 10514. 10431. 10429. 10433.
 10603. 10468. 10647. 10556. 10616. 10440. 10556. 10736. 10638. 10563.
 10687. 10503. 10867. 10713. 10620. 10865. 10717. 10715. 10677. 10544.
 10773. 10877. 10838. 10716. 10842. 10722. 10730. 10725. 10626. 10807.
 10762. 10821. 10822. 10932. 10821. 10950. 10819. 10769. 10843. 10954.
 10837. 10799. 10696. 10896. 10730.  1144.  1194.  1116.  1130.  1183.
  1136.  1189.  1231.  1165.  1121.  1124.  1186.  1147.  1167.  1121.
  1163.  1141.  1165.  1138.  1224.  1141.  1217.  1172.  1176.  1128.
  1181.  1142.  1176.  1122.  1176.  1182.  1157.  1211.  1154.  1149.
  1150.  1113.  1158.  1135.  1137.  1090.  1142.  1170.  1100.  1159.
  1085.  1210.  1161.  1159.  1122.]
Total events this file: 155479
Total events saved: 1080932, Saved this file: 25286, Finsihed file: /mnt/scratch/micall12/training_files/NuMu_140000_000046_level2_sim4.zst_precleaning_lt200_NOvertex_IC19.hdf5
[    0.     0.     0.     0.     0.     0.     0.  8314.  9021.  9454.
 10035. 10222. 10623. 10718. 11353. 11319. 11650. 11828. 12000. 12159.
 12238. 12466. 12874. 12924. 12907. 12943. 13146. 13247. 13168. 13423.
 13565. 13445. 13437. 13532. 13389. 13607. 13925. 13813. 13927. 13982.
 13879. 13672. 13963. 13843. 14073. 10831. 10800. 10700. 10691. 10693.
 10864. 10754. 10901. 10827. 10907. 10747. 10836. 11013. 10945. 10839.
 10957. 10820. 11134. 10959. 10888. 11121. 10990. 11003. 10965. 10806.
 11056. 11160. 11139. 10997. 11155. 10997. 10966. 10997. 10894. 11062.
 11077. 11106. 11120. 11198. 11091. 11214. 11093. 11038. 11145. 11256.
 11104. 11099. 10957. 11184. 10992.  1144.  1194.  1116.  1130.  1183.
  1136.  1189.  1231.  1165.  1121.  1124.  1186.  1147.  1167.  1121.
  1163.  1141.  1165.  1138.  1224.  1141.  1217.  1172.  1176.  1128.
  1181.  1142.  1176.  1122.  1176.  1182.  1157.  1211.  1154.  1149.
  1150.  1113.  1158.  1135.  1137.  1090.  1142.  1170.  1100.  1159.
  1085.  1210.  1161.  1159.  1122.]
Total events this file: 126766
Total events saved: 1105876, Saved this file: 24944, Finsihed file: /mnt/scratch/micall12/training_files/NuMu_140000_000047_level2_sim4.zst_precleaning_lt200_NOvertex_IC19.hdf5
[    0.     0.     0.     0.     0.     0.     0.  8508.  9229.  9691.
 10253. 10468. 10875. 11013. 11635. 11606. 11953. 12116. 12314. 12451.
 12538. 12784. 13186. 13212. 13250. 13252. 13464. 13552. 13516. 13701.
 13869. 13786. 13730. 13834. 13709. 13915. 14265. 14159. 14239. 14316.
 14184. 14021. 14286. 14156. 14433. 11106. 11096. 10951. 10926. 10941.
 11132. 11023. 11190. 11107. 11169. 11012. 11109. 11271. 11225. 11112.
 11215. 11094. 11406. 11219. 11161. 11376. 11257. 11258. 11256. 11085.
 11350. 11426. 11412. 11264. 11472. 11273. 11255. 11308. 11129. 11302.
 11347. 11380. 11375. 11472. 11373. 11505. 11349. 11315. 11410. 11539.
 11368. 11347. 11230. 11473. 11276.  1144.  1194.  1116.  1130.  1183.
  1136.  1189.  1231.  1165.  1121.  1124.  1186.  1147.  1167.  1121.
  1163.  1141.  1165.  1138.  1224.  1141.  1217.  1172.  1176.  1128.
  1181.  1142.  1176.  1122.  1176.  1182.  1157.  1211.  1154.  1149.
  1150.  1113.  1158.  1135.  1137.  1090.  1142.  1170.  1100.  1159.
  1085.  1210.  1161.  1159.  1122.]
Total events this file: 155754
Total events saved: 1131282, Saved this file: 25406, Finsihed file: /mnt/scratch/micall12/training_files/NuMu_140000_000048_level2_sim4.zst_precleaning_lt200_NOvertex_IC19.hdf5
[    0.     0.     0.     0.     0.     0.     0.  8722.  9422.  9930.
 10487. 10720. 11151. 11297. 11928. 11852. 12252. 12406. 12623. 12761.
 12836. 13117. 13525. 13527. 13547. 13564. 13793. 13849. 13832. 14010.
 14188. 14108. 14054. 14160. 14046. 14258. 14612. 14471. 14561. 14649.
 14521. 14361. 14628. 14483. 14792. 11361. 11345. 11207. 11174. 11207.
 11429. 11305. 11459. 11406. 11424. 11307. 11377. 11542. 11473. 11393.
 11458. 11399. 11689. 11467. 11462. 11651. 11532. 11524. 11554. 11373.
 11610. 11709. 11710. 11564. 11730. 11559. 11520. 11580. 11405. 11610.
 11628. 11665. 11649. 11743. 11681. 11777. 11618. 11609. 11677. 11795.
 11664. 11617. 11485. 11774. 11582.  1144.  1194.  1116.  1130.  1183.
  1136.  1189.  1231.  1165.  1121.  1124.  1186.  1147.  1167.  1121.
  1163.  1141.  1165.  1138.  1224.  1141.  1217.  1172.  1176.  1128.
  1181.  1142.  1176.  1122.  1176.  1182.  1157.  1211.  1154.  1149.
  1150.  1113.  1158.  1135.  1137.  1090.  1142.  1170.  1100.  1159.
  1085.  1210.  1161.  1159.  1122.]
Total events this file: 155738
Total events saved: 1156631, Saved this file: 25349, Finsihed file: /mnt/scratch/micall12/training_files/NuMu_140000_000049_level2_sim4.zst_precleaning_lt200_NOvertex_IC19.hdf5
[    0.     0.     0.     0.     0.     0.     0.  8907.  9642. 10148.
 10716. 10982. 11409. 11560. 12203. 12134. 12521. 12680. 12907. 13050.
 13148. 13423. 13828. 13849. 13885. 13890. 14116. 14163. 14200. 14339.
 14529. 14458. 14383. 14490. 14385. 14581. 14970. 14809. 14901. 14983.
 14869. 14694. 14997. 14838. 15168. 11622. 11609. 11488. 11428. 11488.
 11673. 11570. 11735. 11671. 11697. 11569. 11668. 11833. 11718. 11627.
 11750. 11706. 11971. 11719. 11744. 11914. 11811. 11824. 11844. 11644.
 11885. 11977. 11989. 11808. 12010. 11836. 11801. 11874. 11715. 11879.
 11898. 11922. 11911. 12003. 11979. 12055. 11871. 11875. 11936. 12079.
 11957. 11886. 11734. 12028. 11885.  1144.  1194.  1116.  1130.  1183.
  1136.  1189.  1231.  1165.  1121.  1124.  1186.  1147.  1167.  1121.
  1163.  1141.  1165.  1138.  1224.  1141.  1217.  1172.  1176.  1128.
  1181.  1142.  1176.  1122.  1176.  1182.  1157.  1211.  1154.  1149.
  1150.  1113.  1158.  1135.  1137.  1090.  1142.  1170.  1100.  1159.
  1085.  1210.  1161.  1159.  1122.]
[    0.     0.     0.     0.     0.     0.     0.  8907.  9642. 10148.
 10716. 10982. 11409. 11560. 12203. 12134. 12521. 12680. 12907. 13050.
 13148. 13423. 13828. 13849. 13885. 13890. 14116. 14163. 14200. 14339.
 14529. 14458. 14383. 14490. 14385. 14581. 14970. 14809. 14901. 14983.
 14869. 14694. 14997. 14838. 15168. 11622. 11609. 11488. 11428. 11488.
 11673. 11570. 11735. 11671. 11697. 11569. 11668. 11833. 11718. 11627.
 11750. 11706. 11971. 11719. 11744. 11914. 11811. 11824. 11844. 11644.
 11885. 11977. 11989. 11808. 12010. 11836. 11801. 11874. 11715. 11879.
 11898. 11922. 11911. 12003. 11979. 12055. 11871. 11875. 11936. 12079.
 11957. 11886. 11734. 12028. 11885.  1144.  1194.  1116.  1130.  1183.
  1136.  1189.  1231.  1165.  1121.  1124.  1186.  1147.  1167.  1121.
  1163.  1141.  1165.  1138.  1224.  1141.  1217.  1172.  1176.  1128.
  1181.  1142.  1176.  1122.  1176.  1182.  1157.  1211.  1154.  1149.
  1150.  1113.  1158.  1135.  1137.  1090.  1142.  1170.  1100.  1159.
  1085.  1210.  1161.  1159.  1122.]
Total events saved: 1156631
I put evnts 0 - 1156631 into /mnt/scratch/micall12/training_files/NuMu_140000_level2_sim4_IC19_old_start_DC_precleaninglt150_CC_old_start_DC_all_end_flat_145bins_28000evtperbin.hdf5
