Keeping CC event types
Saving PEGLEG info: False 
Bin size: 1.000000 GeV 
Max Count Per Bin: 42953 events 
Energy Range: 5.000000 - 200.000000 
Starting cut: start_IC7 
Ending cut: all_end 
Shuffling: False 
Keeping event types: CC
Total events this file: 152876
Total events saved: 68572, Saved this file: 68572, Finsihed file: /mnt/scratch/micall12/training_files/NuMu_140000_000000_level2_sim4.zst_lt200_NOvertex_IC19.hdf5
[  0.   0.   0.   0.   0.   0.   0. 364. 400. 415. 457. 470. 479. 458.
 578. 556. 561. 564. 598. 564. 612. 628. 685. 638. 699. 655. 667. 722.
 695. 736. 722. 756. 776. 802. 762. 768. 774. 790. 784. 795. 769. 828.
 828. 817. 813. 643. 614. 697. 635. 673. 668. 650. 713. 685. 691. 673.
 701. 670. 703. 701. 746. 713. 673. 715. 683. 659. 696. 764. 671. 699.
 715. 682. 759. 679. 674. 700. 701. 737. 724. 772. 730. 740. 730. 749.
 780. 721. 732. 745. 730. 765. 730. 763. 768. 779. 741. 176. 148. 158.
 151. 161. 169. 179. 150. 153. 172. 147. 172. 174. 150. 148. 169. 141.
 145. 148. 159. 155. 169. 172. 150. 160. 170. 164. 169. 158. 174. 183.
 155. 187. 172. 169. 174. 171. 169. 137. 138. 159. 170. 180. 166. 144.
 155. 183. 141. 185. 156.   0.   0.   0.   0.   0.   0.   0.   0.   0.
   0.   0.   0.   0.   0.   0.   0.   0.   0.   0.   0.   0.   0.   0.
   0.   0.   0.   0.   0.   0.   0.   0.   0.   0.   0.   0.   0.   0.
   0.   0.   0.   0.   0.   0.   0.   0.   0.   0.   0.   0.   0.]
Total events this file: 153256
Total events saved: 137224, Saved this file: 68652, Finsihed file: /mnt/scratch/micall12/training_files/NuMu_140000_000001_level2_sim4.zst_lt200_NOvertex_IC19.hdf5
[   0.    0.    0.    0.    0.    0.    0.  729.  783.  848.  926.  927.
  969.  939. 1115. 1112. 1143. 1134. 1196. 1181. 1242. 1276. 1342. 1296.
 1378. 1343. 1350. 1418. 1386. 1472. 1464. 1526. 1500. 1498. 1527. 1572.
 1546. 1575. 1626. 1689. 1584. 1605. 1687. 1631. 1670. 1340. 1326. 1332.
 1294. 1331. 1364. 1316. 1408. 1364. 1406. 1351. 1376. 1331. 1430. 1362.
 1443. 1431. 1363. 1380. 1360. 1381. 1377. 1467. 1388. 1400. 1455. 1353.
 1475. 1393. 1398. 1441. 1370. 1445. 1456. 1486. 1456. 1488. 1417. 1472.
 1531. 1470. 1473. 1445. 1477. 1519. 1508. 1494. 1531. 1540. 1471.  337.
  277.  311.  324.  334.  317.  344.  333.  328.  341.  268.  344.  334.
  306.  284.  327.  284.  301.  302.  318.  315.  306.  339.  318.  317.
  332.  317.  343.  316.  336.  359.  312.  362.  340.  325.  336.  338.
  334.  307.  325.  308.  335.  341.  311.  315.  310.  339.  292.  352.
  340.    0.    0.    0.    0.    0.    0.    0.    0.    0.    0.    0.
    0.    0.    0.    0.    0.    0.    0.    0.    0.    0.    0.    0.
    0.    0.    0.    0.    0.    0.    0.    0.    0.    0.    0.    0.
    0.    0.    0.    0.    0.    0.    0.    0.    0.    0.    0.    0.
    0.    0.    0.]
Total events this file: 152771
Total events saved: 205462, Saved this file: 68238, Finsihed file: /mnt/scratch/micall12/training_files/NuMu_140000_000002_level2_sim4.zst_lt200_NOvertex_IC19.hdf5
[   0.    0.    0.    0.    0.    0.    0. 1096. 1150. 1275. 1379. 1373.
 1425. 1439. 1648. 1645. 1759. 1695. 1784. 1810. 1874. 1908. 1977. 1993.
 2050. 2050. 2028. 2127. 2065. 2214. 2207. 2273. 2243. 2277. 2309. 2299.
 2361. 2345. 2399. 2525. 2326. 2420. 2562. 2495. 2560. 2004. 1959. 1972.
 1977. 2003. 2050. 1950. 2076. 2087. 2074. 1973. 2049. 2014. 2133. 2046.
 2113. 2115. 2054. 2062. 2058. 2096. 2080. 2187. 2097. 2097. 2168. 2104.
 2132. 2106. 2151. 2097. 2067. 2150. 2187. 2150. 2173. 2209. 2131. 2209.
 2229. 2174. 2200. 2220. 2190. 2283. 2242. 2257. 2256. 2256. 2203.  484.
  442.  459.  473.  490.  469.  486.  503.  476.  491.  440.  505.  487.
  485.  435.  488.  448.  484.  442.  458.  469.  494.  514.  485.  471.
  491.  473.  516.  470.  489.  533.  479.  507.  496.  493.  494.  505.
  517.  474.  487.  476.  515.  518.  470.  477.  472.  532.  463.  509.
  493.    0.    0.    0.    0.    0.    0.    0.    0.    0.    0.    0.
    0.    0.    0.    0.    0.    0.    0.    0.    0.    0.    0.    0.
    0.    0.    0.    0.    0.    0.    0.    0.    0.    0.    0.    0.
    0.    0.    0.    0.    0.    0.    0.    0.    0.    0.    0.    0.
    0.    0.    0.]
Total events this file: 152280
Total events saved: 273789, Saved this file: 68327, Finsihed file: /mnt/scratch/micall12/training_files/NuMu_140000_000003_level2_sim4.zst_lt200_NOvertex_IC19.hdf5
[   0.    0.    0.    0.    0.    0.    0. 1453. 1537. 1717. 1835. 1844.
 1952. 1961. 2213. 2224. 2304. 2279. 2400. 2388. 2494. 2526. 2584. 2714.
 2687. 2758. 2741. 2816. 2799. 2932. 2952. 3018. 2971. 3035. 3054. 3068.
 3127. 3173. 3210. 3296. 3140. 3256. 3367. 3297. 3419. 2652. 2594. 2614.
 2592. 2662. 2721. 2613. 2818. 2694. 2751. 2611. 2721. 2717. 2810. 2684.
 2808. 2879. 2758. 2793. 2768. 2825. 2824. 2849. 2823. 2802. 2849. 2828.
 2839. 2817. 2834. 2798. 2765. 2902. 2911. 2860. 2884. 2920. 2840. 2931.
 2934. 2919. 2919. 2949. 2945. 2988. 2913. 2951. 3035. 2997. 2957.  654.
  634.  614.  641.  656.  606.  659.  675.  646.  651.  600.  657.  645.
  657.  594.  640.  605.  655.  595.  635.  639.  647.  666.  649.  627.
  642.  651.  689.  629.  653.  679.  664.  680.  658.  651.  655.  651.
  662.  646.  649.  634.  694.  692.  645.  641.  641.  690.  629.  661.
  647.    0.    0.    0.    0.    0.    0.    0.    0.    0.    0.    0.
    0.    0.    0.    0.    0.    0.    0.    0.    0.    0.    0.    0.
    0.    0.    0.    0.    0.    0.    0.    0.    0.    0.    0.    0.
    0.    0.    0.    0.    0.    0.    0.    0.    0.    0.    0.    0.
    0.    0.    0.]
Total events this file: 152460
Total events saved: 342033, Saved this file: 68244, Finsihed file: /mnt/scratch/micall12/training_files/NuMu_140000_000004_level2_sim4.zst_lt200_NOvertex_IC19.hdf5
[   0.    0.    0.    0.    0.    0.    0. 1795. 1929. 2093. 2297. 2321.
 2465. 2411. 2697. 2733. 2867. 2830. 2996. 3051. 3112. 3202. 3255. 3375.
 3387. 3417. 3432. 3459. 3501. 3657. 3707. 3792. 3726. 3769. 3841. 3831.
 3901. 3973. 4046. 4080. 3961. 4048. 4183. 4092. 4239. 3290. 3238. 3305.
 3252. 3349. 3414. 3298. 3513. 3327. 3445. 3307. 3372. 3405. 3492. 3346.
 3528. 3587. 3463. 3460. 3471. 3534. 3549. 3503. 3508. 3492. 3521. 3547.
 3557. 3536. 3576. 3502. 3459. 3642. 3658. 3553. 3600. 3665. 3575. 3659.
 3614. 3622. 3649. 3681. 3673. 3720. 3649. 3652. 3797. 3749. 3715.  803.
  803.  773.  784.  808.  796.  813.  840.  788.  779.  772.  813.  822.
  822.  777.  789.  765.  809.  740.  805.  799.  816.  837.  820.  788.
  814.  814.  857.  783.  823.  851.  846.  861.  843.  810.  818.  804.
  802.  802.  821.  787.  859.  862.  811.  817.  804.  866.  800.  816.
  811.    0.    0.    0.    0.    0.    0.    0.    0.    0.    0.    0.
    0.    0.    0.    0.    0.    0.    0.    0.    0.    0.    0.    0.
    0.    0.    0.    0.    0.    0.    0.    0.    0.    0.    0.    0.
    0.    0.    0.    0.    0.    0.    0.    0.    0.    0.    0.    0.
    0.    0.    0.]
Total events this file: 79444
Total events saved: 379327, Saved this file: 37294, Finsihed file: /mnt/scratch/micall12/training_files/NuMu_140000_000005_level2_sim4.zst_lt200_NOvertex_IC19.hdf5
[   0.    0.    0.    0.    0.    0.    0. 2146. 2328. 2521. 2744. 2765.
 3003. 2840. 3199. 3310. 3446. 3370. 3610. 3644. 3738. 3842. 3861. 4076.
 4062. 4104. 4136. 4172. 4234. 4409. 4393. 4531. 4472. 4510. 4624. 4631.
 4656. 4745. 4788. 4863. 4816. 4850. 4973. 4897. 5081. 3363. 3301. 3375.
 3325. 3433. 3501. 3378. 3586. 3407. 3528. 3400. 3476. 3499. 3583. 3450.
 3617. 3671. 3527. 3535. 3545. 3619. 3651. 3591. 3608. 3573. 3603. 3628.
 3662. 3633. 3673. 3597. 3549. 3725. 3752. 3645. 3689. 3742. 3678. 3741.
 3706. 3707. 3736. 3770. 3756. 3786. 3759. 3758. 3869. 3846. 3787.  967.
  974.  921.  930.  964.  958.  983. 1004.  936.  920.  938.  967.  978.
  975.  930.  935.  914.  956.  904.  969.  982.  980. 1007.  973.  952.
  984.  978. 1009.  953.  995. 1002. 1008. 1039.  979.  971.  973.  963.
  958.  981.  986.  968. 1023. 1024.  968.  978.  979. 1044.  973.  960.
  985.    0.    0.    0.    0.    0.    0.    0.    0.    0.    0.    0.
    0.    0.    0.    0.    0.    0.    0.    0.    0.    0.    0.    0.
    0.    0.    0.    0.    0.    0.    0.    0.    0.    0.    0.    0.
    0.    0.    0.    0.    0.    0.    0.    0.    0.    0.    0.    0.
    0.    0.    0.]
Total events this file: 79403
Total events saved: 416727, Saved this file: 37400, Finsihed file: /mnt/scratch/micall12/training_files/NuMu_140000_000006_level2_sim4.zst_lt200_NOvertex_IC19.hdf5
[   0.    0.    0.    0.    0.    0.    0. 2469. 2720. 2934. 3203. 3223.
 3465. 3381. 3747. 3873. 4014. 3911. 4201. 4297. 4397. 4494. 4525. 4754.
 4774. 4796. 4845. 4847. 4926. 5150. 5124. 5255. 5202. 5238. 5376. 5409.
 5464. 5529. 5583. 5675. 5634. 5682. 5796. 5713. 5928. 3441. 3372. 3444.
 3405. 3516. 3582. 3460. 3651. 3489. 3608. 3477. 3543. 3578. 3671. 3523.
 3707. 3735. 3612. 3618. 3644. 3700. 3739. 3673. 3700. 3656. 3692. 3727.
 3750. 3724. 3752. 3689. 3630. 3821. 3826. 3729. 3779. 3816. 3768. 3822.
 3784. 3784. 3844. 3853. 3848. 3882. 3846. 3839. 3961. 3932. 3864. 1132.
 1111. 1075. 1070. 1138. 1106. 1146. 1180. 1124. 1079. 1074. 1115. 1135.
 1142. 1104. 1094. 1082. 1141. 1055. 1118. 1122. 1148. 1164. 1107. 1095.
 1132. 1126. 1190. 1122. 1152. 1169. 1180. 1180. 1150. 1146. 1146. 1107.
 1135. 1167. 1156. 1128. 1200. 1192. 1112. 1151. 1141. 1206. 1138. 1126.
 1158.    0.    0.    0.    0.    0.    0.    0.    0.    0.    0.    0.
    0.    0.    0.    0.    0.    0.    0.    0.    0.    0.    0.    0.
    0.    0.    0.    0.    0.    0.    0.    0.    0.    0.    0.    0.
    0.    0.    0.    0.    0.    0.    0.    0.    0.    0.    0.    0.
    0.    0.    0.]
Total events this file: 147212
Total events saved: 473005, Saved this file: 56278, Finsihed file: /mnt/scratch/micall12/training_files/NuMu_140000_000007_level2_sim4.zst_lt200_NOvertex_IC19.hdf5
[   0.    0.    0.    0.    0.    0.    0. 2536. 2795. 3012. 3302. 3316.
 3542. 3478. 3845. 3973. 4115. 4016. 4293. 4423. 4516. 4616. 4630. 4872.
 4906. 4939. 4976. 4998. 5065. 5279. 5263. 5389. 5326. 5380. 5532. 5576.
 5634. 5671. 5735. 5821. 5774. 5835. 5955. 5885. 6089. 4120. 4030. 4094.
 4080. 4205. 4256. 4154. 4282. 4152. 4305. 4147. 4213. 4317. 4364. 4168.
 4374. 4430. 4290. 4298. 4318. 4395. 4437. 4329. 4449. 4328. 4429. 4436.
 4438. 4398. 4486. 4386. 4357. 4492. 4546. 4414. 4485. 4546. 4496. 4552.
 4525. 4501. 4600. 4625. 4558. 4619. 4576. 4627. 4749. 4676. 4637. 1267.
 1265. 1246. 1230. 1300. 1264. 1303. 1336. 1274. 1236. 1243. 1264. 1287.
 1295. 1282. 1257. 1241. 1311. 1234. 1278. 1292. 1329. 1325. 1277. 1238.
 1283. 1289. 1341. 1262. 1321. 1342. 1345. 1341. 1312. 1343. 1315. 1267.
 1278. 1311. 1320. 1281. 1367. 1345. 1289. 1333. 1316. 1354. 1292. 1298.
 1334.  161.  146.  181.  178.  178.  182.  155.  170.  149.  175.  162.
  161.  142.  178.  158.  182.  160.  162.  186.  158.  158.  143.  173.
  159.  153.  171.  148.  165.  149.  186.  166.  176.  170.  143.  182.
  187.  151.  155.  184.  155.  157.  153.  169.  182.  167.  157.  152.
  176.  181.  163.]
Total events this file: 126958
Total events saved: 533053, Saved this file: 60048, Finsihed file: /mnt/scratch/micall12/training_files/NuMu_140000_000008_level2_sim4.zst_lt200_NOvertex_IC19.hdf5
[   0.    0.    0.    0.    0.    0.    0. 2885. 3190. 3440. 3751. 3768.
 4028. 4015. 4409. 4482. 4652. 4591. 4938. 5001. 5140. 5253. 5308. 5511.
 5527. 5640. 5681. 5719. 5809. 6030. 5994. 6102. 6027. 6101. 6301. 6357.
 6398. 6470. 6497. 6577. 6597. 6677. 6742. 6719. 6906. 4766. 4743. 4739.
 4735. 4862. 4933. 4826. 4940. 4798. 4971. 4828. 4904. 4993. 5075. 4885.
 5096. 5111. 4998. 4975. 5014. 5092. 5130. 4995. 5139. 5066. 5115. 5159.
 5151. 5117. 5159. 5108. 5124. 5195. 5244. 5136. 5177. 5240. 5238. 5278.
 5293. 5201. 5328. 5379. 5279. 5354. 5275. 5364. 5488. 5409. 5387. 1267.
 1265. 1246. 1230. 1300. 1264. 1303. 1336. 1274. 1236. 1243. 1264. 1287.
 1295. 1282. 1257. 1241. 1311. 1234. 1278. 1292. 1329. 1325. 1277. 1238.
 1283. 1289. 1341. 1262. 1321. 1342. 1345. 1341. 1312. 1343. 1315. 1267.
 1278. 1311. 1320. 1281. 1367. 1345. 1289. 1333. 1316. 1354. 1292. 1298.
 1334.  161.  146.  181.  178.  178.  182.  155.  170.  149.  175.  162.
  161.  142.  178.  158.  182.  160.  162.  186.  158.  158.  143.  173.
  159.  153.  171.  148.  165.  149.  186.  166.  176.  170.  143.  182.
  187.  151.  155.  184.  155.  157.  153.  169.  182.  167.  157.  152.
  176.  181.  163.]
Total events this file: 155963
Total events saved: 601318, Saved this file: 68265, Finsihed file: /mnt/scratch/micall12/training_files/NuMu_140000_000009_level2_sim4.zst_lt200_NOvertex_IC19.hdf5
[   0.    0.    0.    0.    0.    0.    0. 3246. 3559. 3847. 4194. 4223.
 4518. 4533. 4944. 5061. 5207. 5158. 5544. 5650. 5772. 5917. 5986. 6176.
 6193. 6313. 6357. 6443. 6534. 6789. 6722. 6800. 6764. 6900. 7035. 7124.
 7124. 7260. 7257. 7393. 7410. 7462. 7558. 7488. 7678. 5442. 5401. 5339.
 5386. 5571. 5606. 5471. 5601. 5494. 5659. 5477. 5560. 5659. 5791. 5610.
 5778. 5834. 5632. 5615. 5737. 5809. 5805. 5684. 5800. 5758. 5825. 5931.
 5905. 5818. 5870. 5800. 5855. 5925. 5983. 5851. 5916. 5951. 5929. 6023.
 5974. 5956. 6034. 6107. 5980. 6065. 5996. 6141. 6261. 6165. 6151. 1267.
 1265. 1246. 1230. 1300. 1264. 1303. 1336. 1274. 1236. 1243. 1264. 1287.
 1295. 1282. 1257. 1241. 1311. 1234. 1278. 1292. 1329. 1325. 1277. 1238.
 1283. 1289. 1341. 1262. 1321. 1342. 1345. 1341. 1312. 1343. 1315. 1267.
 1278. 1311. 1320. 1281. 1367. 1345. 1289. 1333. 1316. 1354. 1292. 1298.
 1334.  319.  321.  341.  338.  329.  335.  323.  313.  340.  326.  329.
  319.  311.  338.  326.  356.  317.  324.  365.  325.  323.  298.  338.
  310.  323.  335.  296.  353.  326.  360.  324.  341.  338.  302.  358.
  376.  306.  310.  343.  306.  297.  296.  353.  342.  321.  346.  344.
  351.  373.  311.]
Total events this file: 180714
Total events saved: 677549, Saved this file: 76231, Finsihed file: /mnt/scratch/micall12/training_files/NuMu_140000_000010_level2_sim4.zst_lt200_NOvertex_IC19.hdf5
[   0.    0.    0.    0.    0.    0.    0. 3581. 3937. 4241. 4628. 4666.
 5013. 5038. 5511. 5577. 5810. 5754. 6095. 6266. 6360. 6538. 6681. 6826.
 6898. 7004. 7069. 7169. 7251. 7501. 7476. 7544. 7509. 7692. 7782. 7899.
 7921. 8089. 8045. 8176. 8217. 8296. 8356. 8350. 8495. 6108. 6078. 5992.
 6063. 6238. 6261. 6193. 6259. 6169. 6326. 6121. 6219. 6333. 6529. 6296.
 6421. 6542. 6307. 6314. 6448. 6493. 6521. 6350. 6510. 6448. 6518. 6636.
 6631. 6511. 6619. 6527. 6548. 6649. 6683. 6553. 6627. 6648. 6662. 6776.
 6661. 6640. 6753. 6806. 6701. 6820. 6704. 6893. 6966. 6865. 6900. 1425.
 1417. 1381. 1375. 1473. 1438. 1471. 1494. 1434. 1392. 1411. 1422. 1430.
 1444. 1465. 1406. 1397. 1465. 1399. 1427. 1454. 1510. 1498. 1466. 1401.
 1467. 1432. 1517. 1418. 1488. 1487. 1489. 1512. 1472. 1511. 1463. 1441.
 1421. 1463. 1452. 1414. 1511. 1490. 1434. 1503. 1509. 1508. 1459. 1474.
 1491.  487.  486.  497.  505.  496.  492.  494.  460.  504.  476.  494.
  498.  483.  485.  482.  511.  470.  487.  520.  496.  528.  467.  504.
  493.  493.  509.  461.  511.  502.  532.  505.  507.  512.  483.  506.
  542.  487.  461.  504.  465.  473.  479.  493.  485.  465.  501.  507.
  520.  530.  483.]
Total events this file: 152864
Total events saved: 746211, Saved this file: 68662, Finsihed file: /mnt/scratch/micall12/training_files/NuMu_140000_000011_level2_sim4.zst_lt200_NOvertex_IC19.hdf5
[   0.    0.    0.    0.    0.    0.    0. 3918. 4319. 4667. 5093. 5149.
 5506. 5541. 6055. 6111. 6378. 6309. 6675. 6854. 6936. 7204. 7354. 7483.
 7493. 7696. 7753. 7854. 7981. 8268. 8199. 8288. 8249. 8454. 8550. 8688.
 8715. 8888. 8890. 8975. 8977. 9115. 9199. 9165. 9296. 6757. 6723. 6646.
 6677. 6908. 6925. 6868. 6991. 6855. 6998. 6848. 6886. 7036. 7203. 6975.
 7099. 7201. 7027. 7021. 7156. 7219. 7228. 7025. 7188. 7162. 7218. 7381.
 7352. 7231. 7353. 7267. 7230. 7355. 7374. 7296. 7399. 7384. 7364. 7500.
 7367. 7391. 7510. 7563. 7489. 7549. 7464. 7674. 7713. 7590. 7637. 1598.
 1584. 1534. 1523. 1642. 1606. 1630. 1648. 1600. 1561. 1571. 1582. 1582.
 1607. 1632. 1569. 1547. 1624. 1570. 1621. 1633. 1657. 1671. 1646. 1583.
 1633. 1595. 1669. 1602. 1668. 1659. 1680. 1704. 1601. 1677. 1644. 1603.
 1601. 1631. 1595. 1573. 1655. 1660. 1576. 1666. 1671. 1664. 1629. 1638.
 1647.  487.  486.  497.  505.  496.  492.  494.  460.  504.  476.  494.
  498.  483.  485.  482.  511.  470.  487.  520.  496.  528.  467.  504.
  493.  493.  509.  461.  511.  502.  532.  505.  507.  512.  483.  506.
  542.  487.  461.  504.  465.  473.  479.  493.  485.  465.  501.  507.
  520.  530.  483.]
Total events this file: 137728
Total events saved: 808301, Saved this file: 62090, Finsihed file: /mnt/scratch/micall12/training_files/NuMu_140000_000012_level2_sim4.zst_lt200_NOvertex_IC19.hdf5
[    0.     0.     0.     0.     0.     0.     0.  4264.  4666.  5073.
  5512.  5599.  5909.  6022.  6546.  6578.  6867.  6859.  7248.  7422.
  7503.  7794.  7941.  8104.  8145.  8322.  8393.  8504.  8636.  8903.
  8874.  8945.  8944.  9146.  9230.  9361.  9418.  9603.  9637.  9723.
  9700.  9833.  9963.  9904. 10082.  7344.  7277.  7227.  7251.  7457.
  7539.  7428.  7608.  7438.  7578.  7390.  7505.  7632.  7800.  7574.
  7759.  7786.  7672.  7651.  7782.  7824.  7819.  7604.  7842.  7763.
  7868.  8036.  7947.  7847.  8040.  7865.  7880.  7957.  8042.  7884.
  8061.  8047.  8000.  8164.  7994.  8103.  8170.  8238.  8161.  8175.
  8131.  8353.  8352.  8200.  8248.  1761.  1741.  1674.  1683.  1808.
  1790.  1804.  1842.  1744.  1714.  1740.  1739.  1746.  1790.  1813.
  1745.  1695.  1768.  1732.  1783.  1784.  1810.  1842.  1803.  1734.
  1797.  1761.  1830.  1792.  1828.  1818.  1835.  1849.  1743.  1839.
  1801.  1753.  1773.  1801.  1755.  1719.  1810.  1802.  1765.  1853.
  1801.  1864.  1821.  1793.  1796.   487.   486.   497.   505.   496.
   492.   494.   460.   504.   476.   494.   498.   483.   485.   482.
   511.   470.   487.   520.   496.   528.   467.   504.   493.   493.
   509.   461.   511.   502.   532.   505.   507.   512.   483.   506.
   542.   487.   461.   504.   465.   473.   479.   493.   485.   465.
   501.   507.   520.   530.   483.]
Total events this file: 137005
Total events saved: 869972, Saved this file: 61671, Finsihed file: /mnt/scratch/micall12/training_files/NuMu_140000_000013_level2_sim4.zst_lt200_NOvertex_IC19.hdf5
[    0.     0.     0.     0.     0.     0.     0.  4594.  5011.  5425.
  5905.  6027.  6341.  6457.  7036.  7091.  7395.  7407.  7762.  8005.
  8094.  8343.  8490.  8671.  8743.  8973.  9017.  9147.  9280.  9563.
  9568.  9562.  9609.  9830.  9910. 10033. 10071. 10342. 10357. 10435.
 10474. 10555. 10731. 10635. 10839.  7914.  7844.  7814.  7821.  8020.
  8177.  7989.  8183.  8077.  8187.  7990.  8098.  8235.  8368.  8184.
  8375.  8397.  8290.  8271.  8400.  8469.  8455.  8231.  8482.  8381.
  8467.  8650.  8553.  8505.  8667.  8462.  8478.  8546.  8689.  8517.
  8690.  8711.  8612.  8783.  8664.  8758.  8823.  8862.  8798.  8783.
  8768.  8973.  9032.  8881.  8941.  1940.  1913.  1836.  1848.  1964.
  1939.  1968.  2007.  1911.  1887.  1893.  1890.  1909.  1981.  1966.
  1939.  1875.  1943.  1871.  1943.  1951.  1969.  1991.  1959.  1918.
  1953.  1905.  2009.  1958.  2001.  1983.  1984.  1985.  1915.  1974.
  1960.  1923.  1935.  1955.  1938.  1882.  1991.  1955.  1933.  2009.
  1957.  2053.  1968.  1954.  1957.   487.   486.   497.   505.   496.
   492.   494.   460.   504.   476.   494.   498.   483.   485.   482.
   511.   470.   487.   520.   496.   528.   467.   504.   493.   493.
   509.   461.   511.   502.   532.   505.   507.   512.   483.   506.
   542.   487.   461.   504.   465.   473.   479.   493.   485.   465.
   501.   507.   520.   530.   483.]
Total events this file: 162691
Total events saved: 940633, Saved this file: 70661, Finsihed file: /mnt/scratch/micall12/training_files/NuMu_140000_000014_level2_sim4.zst_lt200_NOvertex_IC19.hdf5
[    0.     0.     0.     0.     0.     0.     0.  4952.  5426.  5829.
  6345.  6488.  6839.  6975.  7552.  7671.  7937.  7973.  8385.  8649.
  8718.  9004.  9120.  9340.  9428.  9698.  9694.  9845.  9974. 10241.
 10280. 10292. 10329. 10605. 10642. 10852. 10850. 11080. 11083. 11234.
 11283. 11331. 11572. 11450. 11686.  8554.  8500.  8468.  8460.  8710.
  8829.  8666.  8871.  8765.  8904.  8708.  8726.  8927.  9054.  8862.
  9067.  9117.  8969.  8977.  9124.  9191.  9138.  8942.  9168.  9092.
  9203.  9333.  9239.  9258.  9448.  9186.  9174.  9275.  9397.  9200.
  9357.  9465.  9393.  9487.  9387.  9420.  9560.  9594.  9553.  9482.
  9525.  9673.  9732.  9628.  9677.  1981.  1953.  1874.  1888.  2006.
  1987.  2017.  2053.  1945.  1923.  1922.  1930.  1939.  2014.  2012.
  1988.  1920.  1988.  1912.  1987.  1991.  2019.  2032.  1996.  1963.
  2000.  1952.  2058.  2010.  2047.  2029.  2034.  2027.  1954.  2021.
  2008.  1964.  1992.  1998.  1991.  1926.  2032.  1997.  1984.  2055.
  2003.  2092.  2019.  2004.  2008.   638.   659.   657.   689.   668.
   657.   645.   626.   672.   637.   672.   666.   628.   654.   653.
   678.   639.   682.   677.   680.   677.   655.   658.   671.   673.
   666.   616.   678.   671.   694.   677.   658.   657.   677.   663.
   726.   660.   643.   663.   637.   643.   648.   647.   679.   625.
   643.   678.   697.   697.   647.]
Total events this file: 166782
Total events saved: 1010390, Saved this file: 69757, Finsihed file: /mnt/scratch/micall12/training_files/NuMu_140000_000015_level2_sim4.zst_lt200_NOvertex_IC19.hdf5
[    0.     0.     0.     0.     0.     0.     0.  5315.  5784.  6188.
  6747.  6879.  7309.  7401.  8012.  8175.  8450.  8483.  8952.  9194.
  9272.  9609.  9694.  9965. 10038. 10305. 10310. 10471. 10596. 10930.
 10902. 10974. 11034. 11265. 11364. 11540. 11598. 11776. 11799. 11968.
 11999. 12065. 12267. 12187. 12403.  9124.  9076.  9049.  9002.  9226.
  9423.  9246.  9447.  9354.  9475.  9335.  9295.  9538.  9654.  9499.
  9671.  9709.  9572.  9600.  9721.  9817.  9764.  9557.  9778.  9756.
  9780.  9984.  9876.  9907. 10087.  9819.  9751.  9913. 10053.  9823.
 10015. 10134. 10021. 10144. 10025. 10076. 10227. 10214. 10223. 10113.
 10117. 10305. 10356. 10258. 10336.  2139.  2079.  2058.  2043.  2169.
  2165.  2186.  2220.  2109.  2080.  2098.  2098.  2123.  2183.  2160.
  2142.  2079.  2161.  2078.  2145.  2133.  2199.  2201.  2156.  2142.
  2147.  2103.  2193.  2168.  2218.  2220.  2195.  2184.  2108.  2187.
  2161.  2128.  2168.  2187.  2130.  2100.  2188.  2160.  2146.  2220.
  2148.  2260.  2174.  2210.  2160.   775.   848.   814.   865.   823.
   831.   821.   791.   822.   781.   833.   831.   806.   827.   817.
   826.   830.   838.   849.   872.   845.   808.   830.   853.   860.
   813.   776.   836.   823.   872.   853.   816.   810.   824.   839.
   874.   828.   799.   836.   787.   804.   819.   810.   834.   801.
   803.   865.   856.   844.   798.]
Total events this file: 165572
Total events saved: 1080691, Saved this file: 70301, Finsihed file: /mnt/scratch/micall12/training_files/NuMu_140000_000016_level2_sim4.zst_lt200_NOvertex_IC19.hdf5
[    0.     0.     0.     0.     0.     0.     0.  5633.  6132.  6560.
  7143.  7271.  7741.  7868.  8525.  8680.  8957.  8966.  9512.  9717.
  9873. 10209. 10298. 10605. 10677. 10954. 10968. 11092. 11262. 11578.
 11582. 11670. 11746. 12011. 12049. 12239. 12332. 12491. 12490. 12698.
 12754. 12819. 12997. 12934. 13154.  9695.  9696.  9637.  9605.  9824.
 10007.  9848. 10023.  9943. 10044.  9928.  9892. 10150. 10263. 10049.
 10249. 10269. 10206. 10249. 10337. 10445. 10403. 10132. 10412. 10375.
 10375. 10659. 10486. 10560. 10737. 10448. 10372. 10531. 10682. 10467.
 10714. 10790. 10678. 10747. 10658. 10784. 10863. 10861. 10837. 10766.
 10774. 10942. 11008. 10880. 11009.  2291.  2228.  2224.  2196.  2307.
  2327.  2347.  2372.  2292.  2228.  2258.  2277.  2291.  2351.  2318.
  2303.  2227.  2344.  2225.  2319.  2275.  2358.  2389.  2300.  2317.
  2309.  2265.  2350.  2311.  2391.  2384.  2352.  2358.  2269.  2374.
  2312.  2309.  2344.  2348.  2282.  2264.  2352.  2335.  2315.  2387.
  2308.  2413.  2347.  2359.  2326.   947.   987.   964.  1030.   970.
   997.  1002.   951.   972.   930.   997.   993.   974.   989.   987.
   986.   998.  1006.  1022.  1065.   988.   979.   997.  1008.  1032.
   975.   936.  1007.   996.  1036.  1020.   993.   970.   980.   994.
  1053.  1015.   979.  1006.   976.   959.   987.   968.   996.   941.
   944.  1009.  1008.  1000.   948.]
Total events this file: 166629
Total events saved: 1150736, Saved this file: 70045, Finsihed file: /mnt/scratch/micall12/training_files/NuMu_140000_000017_level2_sim4.zst_lt200_NOvertex_IC19.hdf5
[    0.     0.     0.     0.     0.     0.     0.  5952.  6497.  6939.
  7550.  7676.  8171.  8369.  9009.  9144.  9453.  9463. 10093. 10261.
 10440. 10786. 10862. 11212. 11255. 11585. 11585. 11744. 11924. 12220.
 12224. 12321. 12465. 12755. 12744. 12920. 13020. 13239. 13253. 13446.
 13543. 13567. 13750. 13656. 13888. 10214. 10245. 10226. 10234. 10377.
 10599. 10404. 10642. 10559. 10649. 10519. 10446. 10743. 10847. 10655.
 10831. 10851. 10800. 10879. 10959. 11038. 11010. 10737. 11025. 10982.
 11013. 11272. 11154. 11191. 11370. 11086. 11008. 11185. 11373. 11081.
 11364. 11436. 11265. 11388. 11293. 11409. 11533. 11531. 11509. 11398.
 11451. 11561. 11643. 11495. 11648.  2450.  2390.  2367.  2344.  2455.
  2477.  2505.  2534.  2465.  2389.  2410.  2453.  2437.  2522.  2448.
  2470.  2402.  2508.  2347.  2508.  2433.  2540.  2563.  2456.  2479.
  2489.  2427.  2497.  2480.  2540.  2556.  2519.  2519.  2439.  2536.
  2460.  2483.  2502.  2490.  2436.  2417.  2502.  2504.  2496.  2555.
  2471.  2585.  2514.  2532.  2487.  1106.  1142.  1138.  1206.  1121.
  1161.  1172.  1120.  1113.  1103.  1163.  1150.  1138.  1153.  1144.
  1154.  1152.  1204.  1170.  1219.  1138.  1160.  1151.  1169.  1208.
  1134.  1116.  1176.  1158.  1199.  1195.  1172.  1157.  1161.  1165.
  1236.  1176.  1140.  1176.  1164.  1122.  1157.  1156.  1160.  1113.
  1120.  1163.  1183.  1182.  1103.]
Total events this file: 166477
Total events saved: 1220348, Saved this file: 69612, Finsihed file: /mnt/scratch/micall12/training_files/NuMu_140000_000018_level2_sim4.zst_lt200_NOvertex_IC19.hdf5
[    0.     0.     0.     0.     0.     0.     0.  6277.  6838.  7286.
  7954.  8106.  8583.  8815.  9498.  9620. 10005.  9982. 10653. 10854.
 10981. 11308. 11458. 11793. 11887. 12190. 12225. 12401. 12565. 12874.
 12894. 13004. 13143. 13430. 13383. 13603. 13722. 13999. 13950. 14138.
 14297. 14335. 14505. 14354. 14629. 10788. 10835. 10791. 10785. 10950.
 11169. 10999. 11237. 11169. 11265. 11102. 11022. 11297. 11426. 11270.
 11444. 11412. 11406. 11527. 11573. 11645. 11595. 11340. 11652. 11577.
 11697. 11875. 11785. 11826. 12020. 11717. 11654. 11857. 12014. 11723.
 11975. 12068. 11895. 12034. 11955. 12056. 12118. 12195. 12139. 12028.
 12080. 12183. 12271. 12190. 12258.  2603.  2549.  2521.  2512.  2601.
  2635.  2668.  2693.  2598.  2549.  2583.  2621.  2592.  2655.  2614.
  2635.  2533.  2677.  2525.  2678.  2604.  2674.  2706.  2619.  2651.
  2662.  2584.  2648.  2640.  2712.  2706.  2693.  2677.  2599.  2682.
  2612.  2663.  2660.  2643.  2585.  2579.  2674.  2641.  2651.  2728.
  2634.  2742.  2677.  2713.  2669.  1266.  1321.  1290.  1356.  1274.
  1328.  1345.  1271.  1262.  1271.  1330.  1301.  1301.  1337.  1335.
  1323.  1321.  1364.  1345.  1397.  1311.  1316.  1330.  1324.  1367.
  1303.  1298.  1322.  1323.  1372.  1360.  1340.  1298.  1346.  1328.
  1384.  1331.  1292.  1342.  1345.  1281.  1342.  1319.  1328.  1263.
  1292.  1369.  1367.  1352.  1267.]
Total events this file: 155736
Total events saved: 1288560, Saved this file: 68212, Finsihed file: /mnt/scratch/micall12/training_files/NuMu_140000_000019_level2_sim4.zst_lt200_NOvertex_IC19.hdf5
[    0.     0.     0.     0.     0.     0.     0.  6599.  7244.  7705.
  8414.  8582.  9057.  9303. 10029. 10157. 10558. 10594. 11232. 11446.
 11629. 11951. 12098. 12501. 12591. 12908. 12908. 13110. 13256. 13564.
 13597. 13800. 13956. 14226. 14134. 14382. 14463. 14793. 14743. 14909.
 15060. 15147. 15305. 15179. 15473. 11419. 11481. 11411. 11447. 11614.
 11829. 11576. 11861. 11885. 11921. 11764. 11686. 11946. 12094. 11924.
 12124. 12097. 12075. 12263. 12297. 12354. 12297. 12032. 12375. 12266.
 12381. 12554. 12485. 12547. 12748. 12412. 12428. 12550. 12803. 12433.
 12679. 12792. 12602. 12741. 12701. 12798. 12837. 12941. 12850. 12766.
 12839. 12976. 12975. 12924. 12930.  2603.  2549.  2521.  2512.  2601.
  2635.  2668.  2693.  2598.  2549.  2583.  2621.  2592.  2655.  2614.
  2635.  2533.  2677.  2525.  2678.  2604.  2674.  2706.  2619.  2651.
  2662.  2584.  2648.  2640.  2712.  2706.  2693.  2677.  2599.  2682.
  2612.  2663.  2660.  2643.  2585.  2579.  2674.  2641.  2651.  2728.
  2634.  2742.  2677.  2713.  2669.  1442.  1470.  1459.  1511.  1412.
  1498.  1515.  1433.  1427.  1437.  1512.  1460.  1472.  1481.  1501.
  1467.  1483.  1505.  1509.  1563.  1487.  1473.  1489.  1498.  1529.
  1460.  1471.  1483.  1507.  1552.  1534.  1505.  1472.  1503.  1494.
  1568.  1491.  1450.  1540.  1537.  1457.  1498.  1484.  1518.  1424.
  1470.  1527.  1543.  1505.  1431.]
Total events this file: 148354
Total events saved: 1354252, Saved this file: 65692, Finsihed file: /mnt/scratch/micall12/training_files/NuMu_140000_000020_level2_sim4.zst_lt200_NOvertex_IC19.hdf5
[    0.     0.     0.     0.     0.     0.     0.  6918.  7617.  8122.
  8857.  9069.  9559.  9808. 10575. 10670. 11095. 11150. 11809. 12085.
 12228. 12578. 12781. 13162. 13260. 13554. 13618. 13836. 13947. 14286.
 14322. 14514. 14722. 14985. 14863. 15131. 15212. 15537. 15517. 15707.
 15840. 15968. 16122. 15978. 16305. 12025. 12067. 12027. 12088. 12289.
 12544. 12258. 12519. 12554. 12632. 12453. 12346. 12615. 12761. 12581.
 12808. 12778. 12751. 12954. 12983. 13047. 13002. 12728. 13051. 12977.
 13119. 13254. 13179. 13262. 13474. 13131. 13119. 13259. 13584. 13110.
 13398. 13504. 13291. 13467. 13438. 13536. 13599. 13644. 13559. 13458.
 13557. 13690. 13679. 13706. 13704.  2603.  2549.  2521.  2512.  2601.
  2635.  2668.  2693.  2598.  2549.  2583.  2621.  2592.  2655.  2614.
  2635.  2533.  2677.  2525.  2678.  2604.  2674.  2706.  2619.  2651.
  2662.  2584.  2648.  2640.  2712.  2706.  2693.  2677.  2599.  2682.
  2612.  2663.  2660.  2643.  2585.  2579.  2674.  2641.  2651.  2728.
  2634.  2742.  2677.  2713.  2669.  1563.  1598.  1570.  1621.  1548.
  1620.  1636.  1555.  1554.  1540.  1636.  1556.  1596.  1609.  1622.
  1609.  1618.  1610.  1647.  1693.  1611.  1599.  1602.  1612.  1658.
  1588.  1589.  1611.  1626.  1662.  1669.  1622.  1597.  1609.  1634.
  1716.  1621.  1547.  1666.  1657.  1601.  1634.  1604.  1645.  1534.
  1588.  1653.  1686.  1639.  1535.]
Total events this file: 155957
Total events saved: 1422803, Saved this file: 68551, Finsihed file: /mnt/scratch/micall12/training_files/NuMu_140000_000021_level2_sim4.zst_lt200_NOvertex_IC19.hdf5
[    0.     0.     0.     0.     0.     0.     0.  7257.  7994.  8568.
  9280.  9535. 10034. 10309. 11131. 11209. 11655. 11744. 12442. 12732.
 12869. 13189. 13417. 13805. 13900. 14206. 14299. 14550. 14664. 15027.
 15029. 15290. 15450. 15750. 15608. 15961. 15956. 16319. 16319. 16512.
 16693. 16782. 16934. 16789. 17142. 12671. 12703. 12668. 12744. 12925.
 13197. 12944. 13202. 13230. 13306. 13119. 13000. 13319. 13433. 13273.
 13468. 13452. 13455. 13672. 13694. 13737. 13710. 13420. 13758. 13682.
 13860. 13975. 13873. 13974. 14161. 13823. 13839. 13971. 14294. 13859.
 14075. 14272. 14036. 14197. 14183. 14250. 14310. 14394. 14298. 14193.
 14294. 14387. 14429. 14468. 14456.  2603.  2549.  2521.  2512.  2601.
  2635.  2668.  2693.  2598.  2549.  2583.  2621.  2592.  2655.  2614.
  2635.  2533.  2677.  2525.  2678.  2604.  2674.  2706.  2619.  2651.
  2662.  2584.  2648.  2640.  2712.  2706.  2693.  2677.  2599.  2682.
  2612.  2663.  2660.  2643.  2585.  2579.  2674.  2641.  2651.  2728.
  2634.  2742.  2677.  2713.  2669.  1731.  1762.  1725.  1793.  1742.
  1765.  1813.  1725.  1712.  1706.  1798.  1733.  1778.  1758.  1785.
  1758.  1800.  1769.  1814.  1870.  1795.  1757.  1760.  1789.  1828.
  1759.  1762.  1785.  1792.  1849.  1845.  1774.  1766.  1759.  1807.
  1899.  1763.  1736.  1817.  1841.  1770.  1803.  1780.  1817.  1695.
  1760.  1825.  1855.  1800.  1705.]
Total events this file: 105716
Total events saved: 1463796, Saved this file: 40993, Finsihed file: /mnt/scratch/micall12/training_files/NuMu_140000_000022_level2_sim4.zst_lt200_NOvertex_IC19.hdf5
[    0.     0.     0.     0.     0.     0.     0.  7281.  8025.  8588.
  9312.  9558. 10076. 10336. 11159. 11252. 11692. 11784. 12482. 12763.
 12910. 13241. 13453. 13844. 13933. 14253. 14341. 14599. 14709. 15075.
 15080. 15336. 15498. 15794. 15661. 16002. 16005. 16368. 16370. 16556.
 16730. 16832. 16984. 16831. 17195. 13246. 13278. 13233. 13392. 13501.
 13807. 13545. 13812. 13817. 13901. 13711. 13594. 13974. 14075. 13845.
 14082. 14051. 14060. 14262. 14293. 14331. 14360. 14005. 14351. 14303.
 14464. 14604. 14481. 14592. 14740. 14447. 14475. 14590. 14904. 14486.
 14704. 14924. 14716. 14893. 14783. 14907. 14991. 15017. 14956. 14859.
 14989. 15036. 15044. 15129. 15092.  2603.  2549.  2521.  2512.  2601.
  2635.  2668.  2693.  2598.  2549.  2583.  2621.  2592.  2655.  2614.
  2635.  2533.  2677.  2525.  2678.  2604.  2674.  2706.  2619.  2651.
  2662.  2584.  2648.  2640.  2712.  2706.  2693.  2677.  2599.  2682.
  2612.  2663.  2660.  2643.  2585.  2579.  2674.  2641.  2651.  2728.
  2634.  2742.  2677.  2713.  2669.  1874.  1911.  1886.  1958.  1936.
  1941.  1951.  1905.  1875.  1868.  1955.  1891.  1963.  1912.  1955.
  1925.  1973.  1957.  1988.  2057.  1980.  1913.  1918.  1960.  1997.
  1909.  1946.  1933.  1941.  2011.  2004.  1947.  1951.  1924.  1981.
  2091.  1939.  1920.  2011.  2008.  1927.  1973.  1954.  1985.  1883.
  1931.  1990.  2021.  1963.  1874.]
Total events this file: 162144
Total events saved: 1534207, Saved this file: 70411, Finsihed file: /mnt/scratch/micall12/training_files/NuMu_140000_000023_level2_sim4.zst_lt200_NOvertex_IC19.hdf5
[    0.     0.     0.     0.     0.     0.     0.  7665.  8414.  9014.
  9760. 10069. 10598. 10802. 11694. 11810. 12251. 12386. 13091. 13397.
 13542. 13914. 14099. 14505. 14562. 14951. 15006. 15308. 15468. 15836.
 15831. 16103. 16244. 16626. 16419. 16803. 16792. 17107. 17157. 17345.
 17499. 17659. 17797. 17658. 17980. 13909. 13911. 13858. 14078. 14155.
 14484. 14206. 14473. 14484. 14577. 14402. 14264. 14664. 14728. 14508.
 14762. 14759. 14750. 14976. 14985. 15033. 15068. 14684. 15056. 15011.
 15154. 15335. 15148. 15288. 15419. 15138. 15212. 15319. 15597. 15225.
 15445. 15664. 15445. 15638. 15483. 15606. 15733. 15696. 15714. 15583.
 15731. 15797. 15718. 15894. 15799.  2632.  2587.  2558.  2561.  2633.
  2666.  2698.  2737.  2634.  2590.  2616.  2658.  2630.  2689.  2649.
  2668.  2565.  2709.  2561.  2709.  2643.  2711.  2743.  2649.  2685.
  2695.  2629.  2685.  2682.  2745.  2743.  2729.  2711.  2640.  2715.
  2663.  2712.  2699.  2675.  2615.  2615.  2707.  2681.  2686.  2758.
  2667.  2775.  2711.  2753.  2712.  2049.  2055.  2045.  2118.  2108.
  2099.  2127.  2064.  2036.  2032.  2119.  2087.  2121.  2050.  2138.
  2101.  2149.  2134.  2157.  2227.  2169.  2081.  2080.  2133.  2168.
  2074.  2100.  2108.  2091.  2178.  2159.  2125.  2129.  2118.  2165.
  2246.  2129.  2071.  2182.  2180.  2090.  2148.  2137.  2162.  2075.
  2125.  2150.  2180.  2099.  2027.]
Total events this file: 161950
Total events saved: 1604745, Saved this file: 70538, Finsihed file: /mnt/scratch/micall12/training_files/NuMu_140000_000024_level2_sim4.zst_lt200_NOvertex_IC19.hdf5
[    0.     0.     0.     0.     0.     0.     0.  8017.  8823.  9465.
 10168. 10542. 11123. 11318. 12233. 12343. 12866. 12954. 13701. 13989.
 14186. 14563. 14747. 15179. 15226. 15648. 15670. 16018. 16185. 16568.
 16601. 16791. 16969. 17365. 17187. 17568. 17563. 17870. 17971. 18193.
 18311. 18506. 18588. 18473. 18817. 14526. 14556. 14544. 14701. 14814.
 15126. 14893. 15140. 15127. 15231. 15126. 14891. 15353. 15454. 15199.
 15424. 15424. 15507. 15690. 15669. 15704. 15789. 15381. 15801. 15699.
 15849. 16044. 15837. 16034. 16126. 15895. 15960. 16028. 16291. 15954.
 16121. 16401. 16127. 16389. 16200. 16389. 16440. 16414. 16467. 16377.
 16501. 16566. 16450. 16646. 16479.  2658.  2612.  2591.  2589.  2661.
  2701.  2738.  2781.  2674.  2626.  2661.  2699.  2670.  2716.  2678.
  2704.  2601.  2744.  2597.  2739.  2679.  2751.  2777.  2689.  2723.
  2733.  2664.  2724.  2716.  2777.  2782.  2762.  2750.  2678.  2758.
  2714.  2749.  2728.  2705.  2645.  2643.  2747.  2727.  2727.  2785.
  2696.  2810.  2751.  2793.  2742.  2205.  2216.  2203.  2292.  2280.
  2270.  2297.  2246.  2223.  2178.  2286.  2250.  2291.  2218.  2286.
  2270.  2335.  2307.  2339.  2382.  2341.  2270.  2263.  2295.  2350.
  2260.  2267.  2277.  2249.  2328.  2317.  2298.  2291.  2288.  2325.
  2417.  2303.  2251.  2377.  2356.  2249.  2306.  2282.  2335.  2262.
  2290.  2318.  2333.  2272.  2177.]
Total events this file: 82312
Total events saved: 1642071, Saved this file: 37326, Finsihed file: /mnt/scratch/micall12/training_files/NuMu_140000_000025_level2_sim4.zst_lt200_NOvertex_IC19.hdf5
[    0.     0.     0.     0.     0.     0.     0.  8336.  9228.  9900.
 10626. 11034. 11577. 11855. 12753. 12848. 13407. 13518. 14258. 14655.
 14808. 15175. 15404. 15888. 15871. 16338. 16430. 16716. 16963. 17265.
 17321. 17558. 17713. 18105. 17904. 18318. 18269. 18665. 18783. 18950.
 19063. 19278. 19374. 19277. 19650. 14610. 14641. 14624. 14777. 14880.
 15214. 14968. 15238. 15217. 15313. 15204. 14982. 15436. 15530. 15294.
 15525. 15512. 15576. 15793. 15749. 15794. 15882. 15463. 15892. 15784.
 15941. 16129. 15922. 16120. 16227. 15989. 16051. 16104. 16372. 16042.
 16207. 16472. 16198. 16479. 16283. 16488. 16534. 16502. 16551. 16473.
 16589. 16664. 16557. 16734. 16579.  2658.  2612.  2591.  2589.  2661.
  2701.  2738.  2781.  2674.  2626.  2661.  2699.  2670.  2716.  2678.
  2704.  2601.  2744.  2597.  2739.  2679.  2751.  2777.  2689.  2723.
  2733.  2664.  2724.  2716.  2777.  2782.  2762.  2750.  2678.  2758.
  2714.  2749.  2728.  2705.  2645.  2643.  2747.  2727.  2727.  2785.
  2696.  2810.  2751.  2793.  2742.  2378.  2395.  2369.  2447.  2429.
  2423.  2462.  2418.  2396.  2346.  2435.  2426.  2455.  2379.  2457.
  2448.  2492.  2476.  2484.  2531.  2489.  2442.  2420.  2457.  2505.
  2443.  2438.  2453.  2415.  2495.  2477.  2465.  2448.  2480.  2482.
  2598.  2438.  2422.  2524.  2536.  2435.  2466.  2447.  2502.  2405.
  2452.  2471.  2500.  2426.  2343.]
Total events this file: 102333
Total events saved: 1685858, Saved this file: 43787, Finsihed file: /mnt/scratch/micall12/training_files/NuMu_140000_000026_level2_sim4.zst_lt200_NOvertex_IC19.hdf5
[    0.     0.     0.     0.     0.     0.     0.  8667.  9582. 10320.
 11070. 11520. 12077. 12353. 13276. 13438. 14000. 14085. 14849. 15230.
 15426. 15823. 16079. 16560. 16590. 16998. 17126. 17441. 17658. 17947.
 18077. 18305. 18442. 18800. 18650. 19024. 19047. 19481. 19557. 19765.
 19821. 20109. 20198. 20155. 20441. 14687. 14717. 14703. 14857. 14979.
 15300. 15055. 15306. 15289. 15397. 15285. 15061. 15513. 15616. 15374.
 15605. 15598. 15657. 15877. 15843. 15901. 15970. 15548. 15969. 15877.
 16015. 16207. 16013. 16203. 16305. 16061. 16137. 16199. 16471. 16122.
 16304. 16544. 16309. 16587. 16359. 16584. 16621. 16583. 16629. 16571.
 16684. 16754. 16646. 16832. 16675.  2789.  2744.  2719.  2695.  2780.
  2836.  2858.  2905.  2805.  2731.  2789.  2824.  2802.  2839.  2798.
  2814.  2726.  2870.  2728.  2869.  2811.  2888.  2916.  2793.  2844.
  2859.  2780.  2846.  2848.  2874.  2903.  2876.  2841.  2814.  2884.
  2850.  2865.  2838.  2835.  2779.  2771.  2871.  2864.  2873.  2930.
  2803.  2937.  2870.  2930.  2851.  2541.  2565.  2528.  2608.  2609.
  2600.  2626.  2600.  2542.  2495.  2609.  2583.  2629.  2552.  2624.
  2611.  2651.  2625.  2648.  2678.  2653.  2603.  2597.  2627.  2680.
  2640.  2618.  2625.  2586.  2666.  2633.  2631.  2620.  2659.  2651.
  2766.  2623.  2590.  2668.  2694.  2612.  2633.  2640.  2681.  2571.
  2585.  2654.  2681.  2592.  2504.]
Total events this file: 151291
Total events saved: 1752099, Saved this file: 66241, Finsihed file: /mnt/scratch/micall12/training_files/NuMu_140000_000027_level2_sim4.zst_lt200_NOvertex_IC19.hdf5
[    0.     0.     0.     0.     0.     0.     0.  9017.  9952. 10722.
 11482. 11955. 12582. 12823. 13813. 13958. 14562. 14654. 15392. 15815.
 16057. 16457. 16693. 17220. 17241. 17660. 17781. 18116. 18390. 18626.
 18801. 18955. 19200. 19541. 19377. 19760. 19784. 20200. 20324. 20528.
 20589. 20878. 21015. 20935. 21265. 15309. 15311. 15329. 15511. 15625.
 15900. 15642. 15930. 15897. 16075. 15949. 15664. 16131. 16289. 15993.
 16274. 16224. 16358. 16553. 16461. 16563. 16678. 16210. 16641. 16543.
 16727. 16914. 16768. 16891. 16971. 16735. 16863. 16928. 17142. 16817.
 17041. 17236. 16951. 17258. 17056. 17282. 17304. 17271. 17318. 17282.
 17361. 17448. 17340. 17553. 17398.  2789.  2744.  2719.  2695.  2780.
  2836.  2858.  2905.  2805.  2731.  2789.  2824.  2802.  2839.  2798.
  2814.  2726.  2870.  2728.  2869.  2811.  2888.  2916.  2793.  2844.
  2859.  2780.  2846.  2848.  2874.  2903.  2876.  2841.  2814.  2884.
  2850.  2865.  2838.  2835.  2779.  2771.  2871.  2864.  2873.  2930.
  2803.  2937.  2870.  2930.  2851.  2730.  2721.  2696.  2795.  2772.
  2777.  2802.  2757.  2739.  2653.  2770.  2770.  2792.  2703.  2785.
  2785.  2825.  2801.  2801.  2832.  2840.  2769.  2761.  2777.  2862.
  2831.  2785.  2793.  2766.  2840.  2812.  2798.  2781.  2832.  2808.
  2945.  2811.  2725.  2855.  2878.  2793.  2821.  2838.  2860.  2742.
  2750.  2831.  2869.  2740.  2680.]
Total events this file: 154581
Total events saved: 1819805, Saved this file: 67706, Finsihed file: /mnt/scratch/micall12/training_files/NuMu_140000_000028_level2_sim4.zst_lt200_NOvertex_IC19.hdf5
[    0.     0.     0.     0.     0.     0.     0.  9375. 10290. 11125.
 11929. 12392. 13121. 13321. 14377. 14522. 15140. 15213. 15996. 16431.
 16663. 17102. 17375. 17879. 17949. 18329. 18474. 18815. 19075. 19386.
 19484. 19672. 19946. 20303. 20143. 20536. 20550. 21030. 21075. 21320.
 21396. 21647. 21832. 21780. 22050. 15929. 15926. 15934. 16163. 16237.
 16569. 16294. 16603. 16551. 16663. 16625. 16344. 16814. 16946. 16652.
 16925. 16917. 17047. 17244. 17169. 17269. 17335. 16861. 17325. 17264.
 17438. 17578. 17456. 17624. 17702. 17418. 17507. 17634. 17852. 17556.
 17719. 17944. 17671. 18012. 17780. 17971. 18032. 17969. 18034. 17998.
 18045. 18214. 18113. 18306. 18122.  2789.  2744.  2719.  2695.  2780.
  2836.  2858.  2905.  2805.  2731.  2789.  2824.  2802.  2839.  2798.
  2814.  2726.  2870.  2728.  2869.  2811.  2888.  2916.  2793.  2844.
  2859.  2780.  2846.  2848.  2874.  2903.  2876.  2841.  2814.  2884.
  2850.  2865.  2838.  2835.  2779.  2771.  2871.  2864.  2873.  2930.
  2803.  2937.  2870.  2930.  2851.  2899.  2913.  2836.  2942.  2945.
  2948.  2965.  2940.  2920.  2824.  2943.  2938.  2948.  2864.  2942.
  2948.  2997.  2984.  2967.  2998.  3008.  2919.  2927.  2953.  3051.
  2984.  2947.  2974.  2930.  3034.  2980.  2979.  2949.  2992.  2968.
  3110.  2984.  2883.  3012.  3054.  2955.  3012.  3007.  3013.  2901.
  2892.  3014.  3041.  2895.  2867.]
Total events this file: 156561
Total events saved: 1888401, Saved this file: 68596, Finsihed file: /mnt/scratch/micall12/training_files/NuMu_140000_000029_level2_sim4.zst_lt200_NOvertex_IC19.hdf5
[    0.     0.     0.     0.     0.     0.     0.  9739. 10642. 11492.
 12371. 12854. 13637. 13827. 14891. 15049. 15690. 15805. 16571. 17036.
 17254. 17702. 18061. 18554. 18650. 19027. 19172. 19533. 19771. 20130.
 20252. 20427. 20719. 21030. 20925. 21334. 21317. 21808. 21896. 22113.
 22203. 22473. 22645. 22645. 22858. 16580. 16592. 16585. 16856. 16860.
 17218. 16933. 17324. 17219. 17266. 17328. 17071. 17473. 17622. 17337.
 17649. 17632. 17720. 17933. 17823. 18000. 18078. 17525. 18016. 17992.
 18136. 18276. 18160. 18365. 18445. 18155. 18232. 18328. 18546. 18258.
 18395. 18679. 18429. 18759. 18503. 18686. 18749. 18670. 18826. 18762.
 18771. 18961. 18844. 19056. 18835.  2789.  2744.  2719.  2695.  2780.
  2836.  2858.  2905.  2805.  2731.  2789.  2824.  2802.  2839.  2798.
  2814.  2726.  2870.  2728.  2869.  2811.  2888.  2916.  2793.  2844.
  2859.  2780.  2846.  2848.  2874.  2903.  2876.  2841.  2814.  2884.
  2850.  2865.  2838.  2835.  2779.  2771.  2871.  2864.  2873.  2930.
  2803.  2937.  2870.  2930.  2851.  3073.  3091.  3016.  3111.  3084.
  3107.  3118.  3078.  3082.  2999.  3104.  3087.  3110.  3015.  3116.
  3106.  3171.  3137.  3148.  3164.  3168.  3093.  3091.  3104.  3211.
  3150.  3137.  3163.  3103.  3196.  3171.  3169.  3110.  3160.  3124.
  3290.  3179.  3043.  3179.  3207.  3125.  3172.  3167.  3196.  3094.
  3062.  3189.  3208.  3076.  3021.]
Total events this file: 155580
Total events saved: 1956655, Saved this file: 68254, Finsihed file: /mnt/scratch/micall12/training_files/NuMu_140000_000030_level2_sim4.zst_lt200_NOvertex_IC19.hdf5
[    0.     0.     0.     0.     0.     0.     0. 10082. 11012. 11905.
 12781. 13322. 14126. 14324. 15382. 15628. 16290. 16372. 17195. 17666.
 17848. 18323. 18727. 19255. 19350. 19697. 19909. 20241. 20444. 20900.
 21013. 21194. 21451. 21766. 21649. 22096. 22106. 22614. 22673. 22901.
 23005. 23206. 23442. 23416. 23667. 17263. 17189. 17227. 17513. 17555.
 17877. 17603. 17979. 17885. 17932. 18064. 17682. 18120. 18306. 18026.
 18301. 18351. 18419. 18597. 18548. 18707. 18757. 18231. 18733. 18676.
 18851. 19000. 18890. 19071. 19160. 18857. 18918. 19053. 19260. 19028.
 19159. 19359. 19134. 19500. 19263. 19403. 19467. 19436. 19552. 19451.
 19480. 19754. 19573. 19779. 19576.  2789.  2744.  2719.  2695.  2780.
  2836.  2858.  2905.  2805.  2731.  2789.  2824.  2802.  2839.  2798.
  2814.  2726.  2870.  2728.  2869.  2811.  2888.  2916.  2793.  2844.
  2859.  2780.  2846.  2848.  2874.  2903.  2876.  2841.  2814.  2884.
  2850.  2865.  2838.  2835.  2779.  2771.  2871.  2864.  2873.  2930.
  2803.  2937.  2870.  2930.  2851.  3237.  3261.  3186.  3252.  3254.
  3255.  3323.  3261.  3271.  3182.  3263.  3274.  3296.  3164.  3294.
  3261.  3349.  3285.  3308.  3331.  3345.  3260.  3258.  3265.  3358.
  3289.  3300.  3353.  3263.  3351.  3332.  3358.  3292.  3325.  3301.
  3454.  3330.  3217.  3355.  3350.  3267.  3329.  3317.  3365.  3253.
  3231.  3368.  3385.  3238.  3181.]
Total events this file: 154382
Total events saved: 2024503, Saved this file: 67848, Finsihed file: /mnt/scratch/micall12/training_files/NuMu_140000_000031_level2_sim4.zst_lt200_NOvertex_IC19.hdf5
[    0.     0.     0.     0.     0.     0.     0. 10451. 11390. 12346.
 13235. 13763. 14615. 14835. 15927. 16187. 16828. 16990. 17778. 18232.
 18455. 18955. 19418. 19925. 20058. 20333. 20591. 20960. 21176. 21587.
 21758. 21963. 22238. 22568. 22389. 22868. 22856. 23417. 23453. 23728.
 23817. 23992. 24260. 24236. 24516. 17916. 17840. 17834. 18112. 18210.
 18507. 18266. 18636. 18526. 18583. 18764. 18335. 18847. 18966. 18676.
 19020. 19070. 19103. 19287. 19223. 19411. 19447. 18950. 19362. 19364.
 19546. 19695. 19609. 19753. 19880. 19584. 19609. 19764. 19970. 19703.
 19875. 20065. 19846. 20261. 19976. 20138. 20213. 20141. 20233. 20181.
 20197. 20511. 20284. 20506. 20289.  2789.  2744.  2719.  2695.  2780.
  2836.  2858.  2905.  2805.  2731.  2789.  2824.  2802.  2839.  2798.
  2814.  2726.  2870.  2728.  2869.  2811.  2888.  2916.  2793.  2844.
  2859.  2780.  2846.  2848.  2874.  2903.  2876.  2841.  2814.  2884.
  2850.  2865.  2838.  2835.  2779.  2771.  2871.  2864.  2873.  2930.
  2803.  2937.  2870.  2930.  2851.  3392.  3423.  3352.  3416.  3417.
  3408.  3467.  3452.  3426.  3371.  3415.  3417.  3452.  3328.  3460.
  3410.  3518.  3443.  3485.  3491.  3530.  3426.  3434.  3442.  3513.
  3441.  3468.  3499.  3421.  3504.  3515.  3495.  3495.  3477.  3445.
  3628.  3504.  3379.  3513.  3516.  3430.  3477.  3462.  3528.  3433.
  3386.  3544.  3547.  3402.  3363.]
Total events this file: 156044
Total events saved: 2092855, Saved this file: 68352, Finsihed file: /mnt/scratch/micall12/training_files/NuMu_140000_000032_level2_sim4.zst_lt200_NOvertex_IC19.hdf5
[    0.     0.     0.     0.     0.     0.     0. 10828. 11804. 12753.
 13664. 14232. 15118. 15375. 16483. 16731. 17358. 17566. 18361. 18864.
 19080. 19571. 20037. 20583. 20732. 21056. 21308. 21663. 21844. 22332.
 22498. 22718. 22964. 23276. 23148. 23661. 23685. 24204. 24234. 24489.
 24684. 24796. 25013. 25001. 25307. 18587. 18437. 18472. 18749. 18880.
 19170. 18974. 19269. 19241. 19244. 19432. 19003. 19529. 19643. 19371.
 19686. 19757. 19796. 19996. 19949. 20128. 20167. 19625. 20070. 20033.
 20271. 20477. 20337. 20451. 20613. 20310. 20303. 20445. 20668. 20409.
 20584. 20798. 20584. 20987. 20668. 20862. 20937. 20860. 21008. 20926.
 20930. 21194. 20995. 21259. 21025.  2789.  2744.  2719.  2695.  2780.
  2836.  2858.  2905.  2805.  2731.  2789.  2824.  2802.  2839.  2798.
  2814.  2726.  2870.  2728.  2869.  2811.  2888.  2916.  2793.  2844.
  2859.  2780.  2846.  2848.  2874.  2903.  2876.  2841.  2814.  2884.
  2850.  2865.  2838.  2835.  2779.  2771.  2871.  2864.  2873.  2930.
  2803.  2937.  2870.  2930.  2851.  3585.  3593.  3539.  3568.  3591.
  3574.  3635.  3598.  3612.  3572.  3577.  3571.  3614.  3511.  3649.
  3608.  3669.  3605.  3637.  3669.  3717.  3600.  3591.  3624.  3670.
  3596.  3620.  3662.  3604.  3649.  3679.  3686.  3644.  3659.  3587.
  3788.  3669.  3533.  3656.  3685.  3633.  3636.  3614.  3710.  3606.
  3552.  3700.  3719.  3559.  3535.]
Total events this file: 119424
Total events saved: 2139900, Saved this file: 47045, Finsihed file: /mnt/scratch/micall12/training_files/NuMu_140000_000033_level2_sim4.zst_lt200_NOvertex_IC19.hdf5
[    0.     0.     0.     0.     0.     0.     0. 10892. 11867. 12827.
 13737. 14307. 15183. 15447. 16553. 16809. 17445. 17669. 18473. 18963.
 19173. 19659. 20148. 20689. 20832. 21153. 21422. 21768. 21946. 22437.
 22625. 22823. 23061. 23399. 23274. 23781. 23819. 24322. 24358. 24610.
 24805. 24917. 25140. 25134. 25446. 19234. 19055. 19095. 19423. 19513.
 19851. 19633. 19893. 19858. 19892. 20083. 19697. 20200. 20296. 20020.
 20380. 20453. 20489. 20672. 20621. 20825. 20834. 20346. 20785. 20732.
 20972. 21207. 21012. 21180. 21330. 21077. 21029. 21130. 21400. 21155.
 21328. 21516. 21297. 21700. 21403. 21622. 21648. 21602. 21693. 21701.
 21720. 21936. 21706. 21969. 21752.  2789.  2744.  2719.  2695.  2780.
  2836.  2858.  2905.  2805.  2731.  2789.  2824.  2802.  2839.  2798.
  2814.  2726.  2870.  2728.  2869.  2811.  2888.  2916.  2793.  2844.
  2859.  2780.  2846.  2848.  2874.  2903.  2876.  2841.  2814.  2884.
  2850.  2865.  2838.  2835.  2779.  2771.  2871.  2864.  2873.  2930.
  2803.  2937.  2870.  2930.  2851.  3750.  3740.  3689.  3730.  3775.
  3740.  3797.  3779.  3784.  3754.  3746.  3725.  3773.  3665.  3809.
  3782.  3850.  3773.  3827.  3878.  3875.  3732.  3747.  3787.  3829.
  3765.  3794.  3850.  3749.  3805.  3858.  3859.  3804.  3822.  3767.
  3956.  3830.  3703.  3827.  3844.  3800.  3795.  3777.  3858.  3789.
  3701.  3862.  3885.  3732.  3689.]
Total events this file: 120187
Total events saved: 2187066, Saved this file: 47166, Finsihed file: /mnt/scratch/micall12/training_files/NuMu_140000_000034_level2_sim4.zst_lt200_NOvertex_IC19.hdf5
[    0.     0.     0.     0.     0.     0.     0. 10942. 11922. 12881.
 13816. 14379. 15251. 15538. 16621. 16877. 17531. 17760. 18565. 19063.
 19266. 19764. 20245. 20798. 20953. 21253. 21550. 21865. 22050. 22544.
 22740. 22949. 23175. 23504. 23383. 23915. 23933. 24443. 24492. 24736.
 24909. 25025. 25272. 25256. 25585. 19885. 19697. 19768. 20064. 20177.
 20498. 20300. 20576. 20531. 20559. 20775. 20400. 20897. 20976. 20735.
 21061. 21130. 21150. 21381. 21313. 21556. 21486. 21030. 21562. 21436.
 21683. 21924. 21675. 21881. 22032. 21774. 21742. 21837. 22082. 21869.
 22056. 22226. 22007. 22414. 22141. 22316. 22353. 22334. 22476. 22453.
 22412. 22653. 22452. 22737. 22512.  2789.  2744.  2719.  2695.  2780.
  2836.  2858.  2905.  2805.  2731.  2789.  2824.  2802.  2839.  2798.
  2814.  2726.  2870.  2728.  2869.  2811.  2888.  2916.  2793.  2844.
  2859.  2780.  2846.  2848.  2874.  2903.  2876.  2841.  2814.  2884.
  2850.  2865.  2838.  2835.  2779.  2771.  2871.  2864.  2873.  2930.
  2803.  2937.  2870.  2930.  2851.  3923.  3912.  3865.  3899.  3946.
  3925.  3983.  3954.  3947.  3911.  3919.  3892.  3960.  3858.  3983.
  3950.  4008.  3934.  3973.  4024.  4026.  3891.  3892.  3969.  3991.
  3936.  3959.  3999.  3917.  3957.  4051.  4010.  3964.  3950.  3914.
  4136.  3984.  3879.  3994.  4016.  3972.  3957.  3937.  4018.  3955.
  3869.  4025.  4060.  3900.  3872.]
Total events this file: 156170
Total events saved: 2255538, Saved this file: 68472, Finsihed file: /mnt/scratch/micall12/training_files/NuMu_140000_000035_level2_sim4.zst_lt200_NOvertex_IC19.hdf5
[    0.     0.     0.     0.     0.     0.     0. 11295. 12346. 13300.
 14230. 14839. 15777. 16073. 17117. 17416. 18124. 18349. 19213. 19691.
 19904. 20387. 20874. 21423. 21650. 21967. 22246. 22608. 22732. 23253.
 23499. 23666. 23906. 24252. 24109. 24704. 24730. 25202. 25298. 25565.
 25725. 25828. 26070. 26056. 26378. 20516. 20360. 20428. 20691. 20809.
 21149. 20967. 21265. 21196. 21253. 21455. 21038. 21596. 21666. 21426.
 21735. 21795. 21847. 22096. 21998. 22273. 22145. 21762. 22220. 22153.
 22432. 22660. 22401. 22566. 22747. 22519. 22515. 22540. 22776. 22626.
 22765. 23004. 22694. 23165. 22871. 23059. 23061. 23051. 23204. 23179.
 23095. 23349. 23204. 23459. 23273.  2789.  2744.  2719.  2695.  2780.
  2836.  2858.  2905.  2805.  2731.  2789.  2824.  2802.  2839.  2798.
  2814.  2726.  2870.  2728.  2869.  2811.  2888.  2916.  2793.  2844.
  2859.  2780.  2846.  2848.  2874.  2903.  2876.  2841.  2814.  2884.
  2850.  2865.  2838.  2835.  2779.  2771.  2871.  2864.  2873.  2930.
  2803.  2937.  2870.  2930.  2851.  4089.  4101.  4014.  4066.  4085.
  4089.  4151.  4114.  4129.  4070.  4081.  4062.  4146.  4025.  4135.
  4098.  4179.  4107.  4139.  4195.  4178.  4063.  4078.  4120.  4159.
  4112.  4145.  4179.  4072.  4117.  4225.  4180.  4116.  4114.  4082.
  4304.  4148.  4030.  4168.  4212.  4142.  4105.  4108.  4193.  4137.
  4030.  4203.  4226.  4064.  4032.]
Total events this file: 155965
Total events saved: 2324215, Saved this file: 68677, Finsihed file: /mnt/scratch/micall12/training_files/NuMu_140000_000036_level2_sim4.zst_lt200_NOvertex_IC19.hdf5
[    0.     0.     0.     0.     0.     0.     0. 11648. 12741. 13698.
 14669. 15288. 16275. 16595. 17625. 17984. 18695. 18928. 19800. 20297.
 20539. 21009. 21545. 22143. 22360. 22694. 22940. 23332. 23419. 23983.
 24249. 24438. 24711. 24977. 24869. 25449. 25522. 25962. 26057. 26340.
 26507. 26606. 26895. 26887. 27198. 21182. 20977. 21057. 21314. 21449.
 21785. 21601. 21950. 21846. 21935. 22175. 21740. 22284. 22342. 22104.
 22387. 22516. 22548. 22844. 22666. 22973. 22859. 22490. 22950. 22840.
 23125. 23355. 23136. 23262. 23472. 23257. 23212. 23235. 23533. 23322.
 23484. 23754. 23428. 23923. 23615. 23794. 23766. 23808. 23941. 23934.
 23804. 24051. 23963. 24240. 24040.  2789.  2744.  2719.  2695.  2780.
  2836.  2858.  2905.  2805.  2731.  2789.  2824.  2802.  2839.  2798.
  2814.  2726.  2870.  2728.  2869.  2811.  2888.  2916.  2793.  2844.
  2859.  2780.  2846.  2848.  2874.  2903.  2876.  2841.  2814.  2884.
  2850.  2865.  2838.  2835.  2779.  2771.  2871.  2864.  2873.  2930.
  2803.  2937.  2870.  2930.  2851.  4288.  4250.  4184.  4238.  4253.
  4240.  4312.  4258.  4306.  4250.  4247.  4221.  4294.  4183.  4325.
  4266.  4343.  4279.  4320.  4368.  4363.  4221.  4224.  4282.  4349.
  4295.  4299.  4352.  4263.  4310.  4414.  4365.  4270.  4273.  4252.
  4467.  4329.  4195.  4333.  4360.  4287.  4267.  4261.  4396.  4294.
  4202.  4356.  4387.  4209.  4208.]
Total events this file: 43878
Total events saved: 2339001, Saved this file: 14786, Finsihed file: /mnt/scratch/micall12/training_files/NuMu_140000_000037_level2_sim4.zst_lt200_NOvertex_IC19.hdf5
[    0.     0.     0.     0.     0.     0.     0. 11684. 12771. 13739.
 14715. 15338. 16322. 16642. 17675. 18032. 18764. 18986. 19850. 20354.
 20590. 21075. 21604. 22196. 22431. 22766. 23005. 23397. 23483. 24044.
 24311. 24514. 24781. 25044. 24940. 25524. 25609. 26031. 26129. 26426.
 26576. 26680. 26974. 26946. 27286. 21257. 21059. 21154. 21388. 21526.
 21867. 21700. 22031. 21917. 22021. 22246. 21820. 22352. 22446. 22192.
 22476. 22589. 22631. 22941. 22750. 23069. 22926. 22582. 23027. 22906.
 23207. 23442. 23236. 23353. 23557. 23352. 23306. 23317. 23608. 23389.
 23577. 23834. 23546. 24011. 23709. 23865. 23837. 23882. 24030. 24009.
 23906. 24129. 24038. 24342. 24123.  2789.  2744.  2719.  2695.  2780.
  2836.  2858.  2905.  2805.  2731.  2789.  2824.  2802.  2839.  2798.
  2814.  2726.  2870.  2728.  2869.  2811.  2888.  2916.  2793.  2844.
  2859.  2780.  2846.  2848.  2874.  2903.  2876.  2841.  2814.  2884.
  2850.  2865.  2838.  2835.  2779.  2771.  2871.  2864.  2873.  2930.
  2803.  2937.  2870.  2930.  2851.  4439.  4418.  4340.  4420.  4422.
  4394.  4477.  4422.  4479.  4414.  4391.  4375.  4460.  4330.  4510.
  4427.  4507.  4432.  4485.  4515.  4543.  4390.  4388.  4451.  4536.
  4447.  4446.  4526.  4421.  4482.  4573.  4523.  4428.  4421.  4435.
  4632.  4498.  4365.  4497.  4537.  4461.  4445.  4411.  4571.  4471.
  4337.  4513.  4559.  4383.  4377.]
Total events this file: 44490
Total events saved: 2353815, Saved this file: 14814, Finsihed file: /mnt/scratch/micall12/training_files/NuMu_140000_000038_level2_sim4.zst_lt200_NOvertex_IC19.hdf5
[    0.     0.     0.     0.     0.     0.     0. 11703. 12802. 13774.
 14760. 15380. 16378. 16690. 17730. 18068. 18816. 19049. 19911. 20397.
 20659. 21147. 21648. 22264. 22487. 22831. 23084. 23457. 23549. 24118.
 24383. 24595. 24842. 25117. 25012. 25594. 25685. 26112. 26203. 26494.
 26662. 26759. 27056. 27020. 27365. 21323. 21151. 21239. 21479. 21605.
 21936. 21761. 22112. 21984. 22091. 22336. 21898. 22446. 22534. 22295.
 22575. 22667. 22712. 23034. 22836. 23164. 23009. 22671. 23117. 22985.
 23282. 23538. 23316. 23440. 23628. 23424. 23375. 23383. 23685. 23478.
 23662. 23913. 23651. 24104. 23793. 23956. 23926. 23961. 24127. 24086.
 23989. 24213. 24130. 24438. 24204.  2789.  2744.  2719.  2695.  2780.
  2836.  2858.  2905.  2805.  2731.  2789.  2824.  2802.  2839.  2798.
  2814.  2726.  2870.  2728.  2869.  2811.  2888.  2916.  2793.  2844.
  2859.  2780.  2846.  2848.  2874.  2903.  2876.  2841.  2814.  2884.
  2850.  2865.  2838.  2835.  2779.  2771.  2871.  2864.  2873.  2930.
  2803.  2937.  2870.  2930.  2851.  4589.  4577.  4504.  4582.  4603.
  4551.  4663.  4569.  4657.  4571.  4568.  4533.  4619.  4507.  4671.
  4578.  4673.  4587.  4643.  4676.  4712.  4553.  4534.  4625.  4718.
  4594.  4616.  4702.  4585.  4633.  4737.  4674.  4603.  4582.  4606.
  4794.  4679.  4520.  4686.  4699.  4637.  4609.  4556.  4742.  4643.
  4510.  4679.  4717.  4567.  4554.]
Total events this file: 156124
Total events saved: 2422285, Saved this file: 68470, Finsihed file: /mnt/scratch/micall12/training_files/NuMu_140000_000039_level2_sim4.zst_lt200_NOvertex_IC19.hdf5
[    0.     0.     0.     0.     0.     0.     0. 12062. 13195. 14174.
 15232. 15833. 16841. 17214. 18284. 18595. 19350. 19649. 20532. 21020.
 21288. 21779. 22301. 22924. 23172. 23485. 23756. 24185. 24232. 24835.
 25079. 25313. 25620. 25843. 25769. 26423. 26538. 26896. 27004. 27343.
 27398. 27538. 27882. 27761. 28243. 21945. 21798. 21826. 22097. 22257.
 22585. 22418. 22797. 22655. 22798. 23009. 22550. 23164. 23216. 23020.
 23248. 23381. 23361. 23703. 23536. 23874. 23733. 23371. 23818. 23694.
 24004. 24238. 23995. 24161. 24343. 24160. 24122. 24164. 24419. 24248.
 24346. 24665. 24419. 24848. 24558. 24727. 24655. 24695. 24826. 24780.
 24722. 24971. 24882. 25149. 24908.  2789.  2744.  2719.  2695.  2780.
  2836.  2858.  2905.  2805.  2731.  2789.  2824.  2802.  2839.  2798.
  2814.  2726.  2870.  2728.  2869.  2811.  2888.  2916.  2793.  2844.
  2859.  2780.  2846.  2848.  2874.  2903.  2876.  2841.  2814.  2884.
  2850.  2865.  2838.  2835.  2779.  2771.  2871.  2864.  2873.  2930.
  2803.  2937.  2870.  2930.  2851.  4776.  4739.  4685.  4750.  4782.
  4714.  4834.  4749.  4801.  4741.  4732.  4680.  4772.  4667.  4838.
  4743.  4824.  4751.  4802.  4828.  4878.  4718.  4691.  4780.  4878.
  4750.  4789.  4865.  4765.  4829.  4914.  4822.  4760.  4749.  4795.
  4951.  4853.  4694.  4867.  4856.  4805.  4776.  4702.  4906.  4806.
  4689.  4850.  4878.  4731.  4718.]
Total events this file: 156466
Total events saved: 2491052, Saved this file: 68767, Finsihed file: /mnt/scratch/micall12/training_files/NuMu_140000_000040_level2_sim4.zst_lt200_NOvertex_IC19.hdf5
[    0.     0.     0.     0.     0.     0.     0. 12414. 13598. 14592.
 15671. 16291. 17307. 17720. 18864. 19161. 19930. 20256. 21133. 21613.
 21901. 22409. 22980. 23600. 23830. 24228. 24493. 24929. 24938. 25534.
 25809. 26049. 26382. 26600. 26520. 27202. 27313. 27661. 27801. 28155.
 28184. 28352. 28619. 28574. 29107. 22584. 22426. 22498. 22746. 22976.
 23245. 23095. 23466. 23367. 23474. 23687. 23263. 23848. 23935. 23705.
 23953. 24082. 24002. 24376. 24264. 24552. 24410. 24067. 24534. 24385.
 24667. 25002. 24650. 24841. 25034. 24853. 24846. 24875. 25182. 24937.
 25122. 25408. 25163. 25605. 25311. 25439. 25400. 25396. 25563. 25543.
 25446. 25676. 25596. 25895. 25676.  2789.  2744.  2719.  2695.  2780.
  2836.  2858.  2905.  2805.  2731.  2789.  2824.  2802.  2839.  2798.
  2814.  2726.  2870.  2728.  2869.  2811.  2888.  2916.  2793.  2844.
  2859.  2780.  2846.  2848.  2874.  2903.  2876.  2841.  2814.  2884.
  2850.  2865.  2838.  2835.  2779.  2771.  2871.  2864.  2873.  2930.
  2803.  2937.  2870.  2930.  2851.  4950.  4902.  4865.  4924.  4949.
  4879.  4990.  4926.  4970.  4880.  4894.  4865.  4926.  4818.  4991.
  4918.  5002.  4933.  4958.  5026.  5045.  4897.  4876.  4950.  5052.
  4922.  4937.  5039.  4935.  4995.  5076.  4993.  4931.  4907.  4962.
  5123.  5025.  4851.  5052.  5044.  4965.  4954.  4850.  5049.  4973.
  4861.  5017.  5043.  4912.  4899.]
Total events this file: 82554
Total events saved: 2528663, Saved this file: 37611, Finsihed file: /mnt/scratch/micall12/training_files/NuMu_140000_000041_level2_sim4.zst_lt200_NOvertex_IC19.hdf5
[    0.     0.     0.     0.     0.     0.     0. 12765. 14008. 15013.
 16118. 16794. 17772. 18229. 19386. 19709. 20510. 20849. 21747. 22215.
 22489. 23049. 23645. 24310. 24488. 24931. 25208. 25616. 25676. 26318.
 26519. 26722. 27173. 27355. 27316. 27939. 28076. 28413. 28559. 28941.
 28977. 29160. 29443. 29372. 29984. 22655. 22518. 22575. 22834. 23051.
 23333. 23189. 23557. 23444. 23547. 23756. 23352. 23926. 24030. 23792.
 24040. 24163. 24079. 24449. 24349. 24645. 24507. 24148. 24604. 24469.
 24747. 25091. 24732. 24916. 25126. 24944. 24934. 24970. 25257. 25016.
 25212. 25484. 25257. 25692. 25414. 25525. 25501. 25473. 25657. 25634.
 25525. 25771. 25684. 25994. 25750.  2789.  2744.  2719.  2695.  2780.
  2836.  2858.  2905.  2805.  2731.  2789.  2824.  2802.  2839.  2798.
  2814.  2726.  2870.  2728.  2869.  2811.  2888.  2916.  2793.  2844.
  2859.  2780.  2846.  2848.  2874.  2903.  2876.  2841.  2814.  2884.
  2850.  2865.  2838.  2835.  2779.  2771.  2871.  2864.  2873.  2930.
  2803.  2937.  2870.  2930.  2851.  5117.  5075.  5036.  5088.  5092.
  5043.  5147.  5099.  5115.  5064.  5061.  5039.  5080.  4972.  5155.
  5085.  5163.  5122.  5099.  5215.  5202.  5061.  5049.  5114.  5219.
  5089.  5090.  5203.  5082.  5158.  5231.  5158.  5103.  5071.  5104.
  5288.  5194.  5021.  5200.  5227.  5153.  5146.  5027.  5215.  5143.
  5012.  5179.  5221.  5081.  5078.]
Total events this file: 162765
Total events saved: 2599335, Saved this file: 70672, Finsihed file: /mnt/scratch/micall12/training_files/NuMu_140000_000042_level2_sim4.zst_lt200_NOvertex_IC19.hdf5
[    0.     0.     0.     0.     0.     0.     0. 13145. 14405. 15445.
 16533. 17255. 18230. 18735. 19908. 20287. 21091. 21446. 22385. 22866.
 23104. 23664. 24311. 24981. 25172. 25616. 25859. 26323. 26332. 27071.
 27253. 27448. 27878. 28070. 28071. 28719. 28899. 29183. 29262. 29751.
 29827. 29963. 30231. 30231. 30827. 23299. 23160. 23227. 23546. 23702.
 23994. 23882. 24250. 24075. 24190. 24425. 24043. 24600. 24695. 24498.
 24731. 24849. 24747. 25116. 25019. 25384. 25253. 24850. 25313. 25202.
 25463. 25765. 25475. 25635. 25821. 25681. 25625. 25661. 25971. 25758.
 25937. 26230. 25983. 26448. 26176. 26233. 26228. 26198. 26359. 26358.
 26254. 26522. 26446. 26734. 26493.  2838.  2784.  2764.  2744.  2823.
  2879.  2900.  2953.  2851.  2767.  2829.  2875.  2848.  2879.  2844.
  2862.  2754.  2914.  2776.  2906.  2852.  2947.  2956.  2834.  2885.
  2901.  2821.  2899.  2896.  2918.  2939.  2914.  2881.  2857.  2930.
  2908.  2901.  2880.  2877.  2828.  2806.  2925.  2912.  2931.  2977.
  2833.  2978.  2918.  2965.  2904.  5285.  5197.  5200.  5236.  5275.
  5219.  5320.  5269.  5286.  5236.  5244.  5202.  5232.  5125.  5315.
  5258.  5329.  5273.  5260.  5381.  5372.  5209.  5238.  5281.  5408.
  5250.  5244.  5370.  5250.  5344.  5398.  5342.  5268.  5229.  5278.
  5446.  5372.  5169.  5387.  5387.  5319.  5330.  5222.  5394.  5288.
  5154.  5350.  5363.  5249.  5238.]
Total events this file: 162888
Total events saved: 2670209, Saved this file: 70874, Finsihed file: /mnt/scratch/micall12/training_files/NuMu_140000_000043_level2_sim4.zst_lt200_NOvertex_IC19.hdf5
[    0.     0.     0.     0.     0.     0.     0. 13508. 14787. 15852.
 16962. 17712. 18751. 19256. 20485. 20823. 21689. 21987. 23016. 23478.
 23742. 24301. 25018. 25631. 25839. 26291. 26537. 26987. 27086. 27814.
 27985. 28207. 28633. 28860. 28828. 29512. 29677. 29990. 30030. 30553.
 30635. 30760. 31033. 31035. 31648. 23984. 23821. 23879. 24230. 24358.
 24673. 24511. 24889. 24702. 24840. 25146. 24712. 25250. 25412. 25178.
 25436. 25544. 25426. 25850. 25721. 26100. 25944. 25536. 25987. 25920.
 26203. 26487. 26212. 26361. 26512. 26389. 26339. 26370. 26664. 26489.
 26715. 26942. 26716. 27168. 26901. 26994. 26954. 26907. 27063. 27080.
 27003. 27225. 27143. 27453. 27184.  2887.  2828.  2815.  2790.  2861.
  2918.  2949.  2996.  2889.  2812.  2866.  2921.  2897.  2923.  2893.
  2911.  2791.  2961.  2824.  2958.  2904.  3000.  3014.  2873.  2930.
  2953.  2857.  2940.  2941.  2968.  2986.  2962.  2928.  2894.  2978.
  2955.  2951.  2919.  2918.  2879.  2853.  2972.  2968.  2984.  3017.
  2872.  3029.  2953.  3013.  2951.  5457.  5367.  5358.  5389.  5457.
  5400.  5477.  5433.  5460.  5414.  5414.  5388.  5398.  5306.  5486.
  5425.  5480.  5449.  5430.  5562.  5517.  5362.  5424.  5431.  5594.
  5403.  5406.  5554.  5412.  5516.  5546.  5525.  5421.  5396.  5456.
  5606.  5522.  5345.  5588.  5551.  5496.  5476.  5386.  5574.  5440.
  5305.  5508.  5548.  5422.  5416.]
Total events this file: 171658
Total events saved: 2743637, Saved this file: 73428, Finsihed file: /mnt/scratch/micall12/training_files/NuMu_140000_000044_level2_sim4.zst_lt200_NOvertex_IC19.hdf5
[    0.     0.     0.     0.     0.     0.     0. 13869. 15156. 16260.
 17392. 18184. 19199. 19758. 21060. 21370. 22282. 22594. 23581. 24125.
 24384. 24948. 25651. 26359. 26542. 27018. 27246. 27686. 27797. 28553.
 28678. 28985. 29423. 29615. 29598. 30264. 30460. 30784. 30862. 31371.
 31450. 31568. 31849. 31863. 32477. 24610. 24491. 24530. 24887. 24980.
 25328. 25149. 25544. 25392. 25510. 25845. 25390. 25938. 26105. 25843.
 26110. 26196. 26165. 26500. 26440. 26809. 26675. 26258. 26672. 26557.
 26895. 27208. 26917. 27096. 27262. 27063. 27001. 27088. 27396. 27227.
 27441. 27618. 27443. 27895. 27638. 27698. 27744. 27611. 27798. 27768.
 27756. 27966. 27865. 28175. 27958.  2986.  2916.  2906.  2883.  2956.
  3016.  3049.  3112.  3011.  2909.  2994.  3009.  2994.  3027.  2986.
  2999.  2886.  3054.  2907.  3056.  2995.  3103.  3123.  2977.  3027.
  3052.  2946.  3038.  3023.  3059.  3087.  3055.  3024.  3011.  3091.
  3037.  3052.  3015.  3017.  2983.  2935.  3071.  3081.  3087.  3112.
  2965.  3121.  3070.  3090.  3038.  5608.  5532.  5517.  5531.  5609.
  5576.  5647.  5594.  5607.  5602.  5566.  5556.  5579.  5470.  5667.
  5581.  5639.  5606.  5605.  5743.  5662.  5547.  5601.  5606.  5752.
  5573.  5557.  5722.  5562.  5666.  5710.  5724.  5582.  5543.  5619.
  5776.  5703.  5505.  5741.  5724.  5656.  5641.  5572.  5744.  5608.
  5483.  5659.  5727.  5604.  5580.]
Total events this file: 173040
Total events saved: 2817618, Saved this file: 73981, Finsihed file: /mnt/scratch/micall12/training_files/NuMu_140000_000045_level2_sim4.zst_lt200_NOvertex_IC19.hdf5
[    0.     0.     0.     0.     0.     0.     0. 14200. 15539. 16648.
 17874. 18650. 19672. 20256. 21629. 21910. 22832. 23147. 24153. 24724.
 24978. 25579. 26335. 26997. 27209. 27689. 27959. 28366. 28490. 29303.
 29444. 29738. 30179. 30372. 30373. 31002. 31235. 31644. 31684. 32154.
 32282. 32335. 32652. 32672. 33342. 25252. 25199. 25172. 25507. 25654.
 25958. 25762. 26248. 26088. 26174. 26478. 26059. 26601. 26773. 26516.
 26817. 26876. 26865. 27221. 27156. 27461. 27357. 27015. 27359. 27230.
 27616. 27883. 27644. 27816. 27948. 27785. 27762. 27786. 28110. 27973.
 28174. 28344. 28158. 28650. 28338. 28509. 28455. 28338. 28573. 28520.
 28515. 28729. 28561. 28903. 28716.  3069.  3041.  3021.  2978.  3056.
  3108.  3171.  3219.  3119.  3022.  3087.  3114.  3104.  3153.  3094.
  3114.  2986.  3143.  3019.  3196.  3094.  3242.  3229.  3090.  3134.
  3165.  3049.  3170.  3108.  3150.  3209.  3160.  3131.  3119.  3195.
  3171.  3151.  3136.  3141.  3101.  3040.  3160.  3192.  3190.  3234.
  3075.  3230.  3168.  3208.  3175.  5766.  5695.  5676.  5721.  5772.
  5740.  5812.  5754.  5785.  5772.  5738.  5726.  5730.  5643.  5825.
  5746.  5805.  5784.  5790.  5909.  5826.  5712.  5761.  5786.  5914.
  5737.  5738.  5908.  5723.  5816.  5875.  5897.  5751.  5707.  5787.
  5944.  5857.  5677.  5919.  5907.  5823.  5785.  5744.  5919.  5777.
  5631.  5805.  5918.  5753.  5750.]
Total events this file: 155479
Total events saved: 2886170, Saved this file: 68552, Finsihed file: /mnt/scratch/micall12/training_files/NuMu_140000_000046_level2_sim4.zst_lt200_NOvertex_IC19.hdf5
[    0.     0.     0.     0.     0.     0.     0. 14522. 15952. 17054.
 18335. 19121. 20132. 20760. 22141. 22469. 23387. 23705. 24740. 25301.
 25573. 26208. 27029. 27645. 27913. 28372. 28677. 29095. 29218. 30025.
 30197. 30507. 30951. 31131. 31117. 31804. 32005. 32440. 32518. 32952.
 33073. 33120. 33415. 33472. 34183. 25868. 25869. 25871. 26187. 26271.
 26613. 26415. 26901. 26758. 26835. 27196. 26761. 27297. 27494. 27202.
 27489. 27586. 27548. 27929. 27832. 28138. 28097. 27712. 28129. 27945.
 28345. 28578. 28397. 28534. 28683. 28517. 28463. 28490. 28827. 28640.
 28945. 29093. 28896. 29384. 29047. 29197. 29140. 28989. 29333. 29298.
 29245. 29463. 29283. 29657. 29448.  3069.  3041.  3021.  2978.  3056.
  3108.  3171.  3219.  3119.  3022.  3087.  3114.  3104.  3153.  3094.
  3114.  2986.  3143.  3019.  3196.  3094.  3242.  3229.  3090.  3134.
  3165.  3049.  3170.  3108.  3150.  3209.  3160.  3131.  3119.  3195.
  3171.  3151.  3136.  3141.  3101.  3040.  3160.  3192.  3190.  3234.
  3075.  3230.  3168.  3208.  3175.  5916.  5872.  5842.  5896.  5916.
  5899.  5971.  5934.  5956.  5919.  5921.  5911.  5901.  5806.  5955.
  5902.  5965.  5952.  5962.  6050.  5991.  5892.  5940.  5958.  6080.
  5904.  5898.  6101.  5884.  5989.  6054.  6079.  5912.  5859.  5969.
  6112.  6026.  5847.  6091.  6065.  6012.  5943.  5891.  6086.  5960.
  5791.  5957.  6086.  5907.  5915.]
Total events this file: 126766
Total events saved: 2945992, Saved this file: 59822, Finsihed file: /mnt/scratch/micall12/training_files/NuMu_140000_000047_level2_sim4.zst_lt200_NOvertex_IC19.hdf5
[    0.     0.     0.     0.     0.     0.     0. 14872. 16328. 17470.
 18755. 19572. 20609. 21301. 22682. 23008. 23970. 24273. 25363. 25940.
 26197. 26874. 27676. 28303. 28579. 29066. 29351. 29781. 29938. 30720.
 30930. 31243. 31656. 31849. 31868. 32539. 32803. 33241. 33280. 33764.
 33834. 33926. 34269. 34257. 35049. 26536. 26565. 26499. 26816. 26906.
 27258. 27072. 27585. 27442. 27513. 27889. 27421. 27982. 28192. 27890.
 28177. 28263. 28254. 28595. 28541. 28819. 28791. 28380. 28838. 28672.
 29071. 29271. 29092. 29212. 29445. 29237. 29194. 29272. 29485. 29310.
 29632. 29814. 29589. 30075. 29808. 29968. 29831. 29720. 30055. 30059.
 29950. 30171. 30013. 30387. 30223.  3069.  3041.  3021.  2978.  3056.
  3108.  3171.  3219.  3119.  3022.  3087.  3114.  3104.  3153.  3094.
  3114.  2986.  3143.  3019.  3196.  3094.  3242.  3229.  3090.  3134.
  3165.  3049.  3170.  3108.  3150.  3209.  3160.  3131.  3119.  3195.
  3171.  3151.  3136.  3141.  3101.  3040.  3160.  3192.  3190.  3234.
  3075.  3230.  3168.  3208.  3175.  5916.  5872.  5842.  5896.  5916.
  5899.  5971.  5934.  5956.  5919.  5921.  5911.  5901.  5806.  5955.
  5902.  5965.  5952.  5962.  6050.  5991.  5892.  5940.  5958.  6080.
  5904.  5898.  6101.  5884.  5989.  6054.  6079.  5912.  5859.  5969.
  6112.  6026.  5847.  6091.  6065.  6012.  5943.  5891.  6086.  5960.
  5791.  5957.  6086.  5907.  5915.]
Total events this file: 155754
Total events saved: 3014523, Saved this file: 68531, Finsihed file: /mnt/scratch/micall12/training_files/NuMu_140000_000048_level2_sim4.zst_lt200_NOvertex_IC19.hdf5
[    0.     0.     0.     0.     0.     0.     0. 15221. 16700. 17895.
 19181. 20029. 21093. 21812. 23217. 23521. 24533. 24856. 25962. 26573.
 26797. 27536. 28403. 28982. 29237. 29714. 30051. 30453. 30661. 31459.
 31687. 31994. 32404. 32572. 32665. 33330. 33577. 34023. 34031. 34559.
 34646. 34749. 35108. 35072. 35868. 27160. 27221. 27142. 27454. 27572.
 27989. 27737. 28274. 28155. 28172. 28582. 28077. 28672. 28836. 28548.
 28824. 28959. 28943. 29272. 29231. 29523. 29484. 29096. 29574. 29405.
 29777. 29960. 29835. 29954. 30158. 29996. 29860. 29974. 30228. 30076.
 30375. 30546. 30300. 30790. 30532. 30693. 30582. 30436. 30790. 30762.
 30711. 30872. 30709. 31148. 31008.  3069.  3041.  3021.  2978.  3056.
  3108.  3171.  3219.  3119.  3022.  3087.  3114.  3104.  3153.  3094.
  3114.  2986.  3143.  3019.  3196.  3094.  3242.  3229.  3090.  3134.
  3165.  3049.  3170.  3108.  3150.  3209.  3160.  3131.  3119.  3195.
  3171.  3151.  3136.  3141.  3101.  3040.  3160.  3192.  3190.  3234.
  3075.  3230.  3168.  3208.  3175.  6082.  6033.  6013.  6075.  6081.
  6073.  6140.  6067.  6099.  6089.  6081.  6062.  6058.  5986.  6152.
  6081.  6120.  6108.  6116.  6207.  6159.  6055.  6103.  6130.  6248.
  6070.  6055.  6297.  6059.  6181.  6214.  6247.  6071.  6019.  6140.
  6272.  6179.  6018.  6266.  6234.  6171.  6097.  6058.  6239.  6122.
  5963.  6113.  6269.  6093.  6082.]
Total events this file: 155738
Total events saved: 3082738, Saved this file: 68215, Finsihed file: /mnt/scratch/micall12/training_files/NuMu_140000_000049_level2_sim4.zst_lt200_NOvertex_IC19.hdf5
[    0.     0.     0.     0.     0.     0.     0. 15557. 17101. 18294.
 19605. 20501. 21572. 22311. 23726. 24057. 25073. 25459. 26579. 27164.
 27433. 28165. 29035. 29665. 29948. 30426. 30751. 31150. 31409. 32214.
 32469. 32726. 33157. 33337. 33428. 34080. 34375. 34812. 34824. 35325.
 35423. 35539. 35949. 35858. 36753. 27792. 27870. 27807. 28094. 28241.
 28642. 28384. 28924. 28807. 28844. 29222. 28783. 29356. 29484. 29180.
 29497. 29700. 29639. 29912. 29914. 30235. 30178. 29827. 30314. 30084.
 30496. 30664. 30561. 30681. 30876. 30708. 30603. 30690. 30973. 30783.
 31045. 31260. 30996. 31489. 31310. 31427. 31297. 31154. 31515. 31504.
 31465. 31564. 31403. 31855. 31758.  3069.  3041.  3021.  2978.  3056.
  3108.  3171.  3219.  3119.  3022.  3087.  3114.  3104.  3153.  3094.
  3114.  2986.  3143.  3019.  3196.  3094.  3242.  3229.  3090.  3134.
  3165.  3049.  3170.  3108.  3150.  3209.  3160.  3131.  3119.  3195.
  3171.  3151.  3136.  3141.  3101.  3040.  3160.  3192.  3190.  3234.
  3075.  3230.  3168.  3208.  3175.  6229.  6175.  6161.  6239.  6242.
  6215.  6309.  6212.  6270.  6273.  6253.  6212.  6220.  6149.  6310.
  6266.  6298.  6255.  6270.  6397.  6329.  6229.  6285.  6290.  6416.
  6246.  6230.  6468.  6225.  6348.  6342.  6410.  6234.  6196.  6344.
  6464.  6330.  6176.  6429.  6395.  6360.  6282.  6242.  6394.  6291.
  6128.  6280.  6412.  6275.  6245.]
[    0.     0.     0.     0.     0.     0.     0. 15557. 17101. 18294.
 19605. 20501. 21572. 22311. 23726. 24057. 25073. 25459. 26579. 27164.
 27433. 28165. 29035. 29665. 29948. 30426. 30751. 31150. 31409. 32214.
 32469. 32726. 33157. 33337. 33428. 34080. 34375. 34812. 34824. 35325.
 35423. 35539. 35949. 35858. 36753. 27792. 27870. 27807. 28094. 28241.
 28642. 28384. 28924. 28807. 28844. 29222. 28783. 29356. 29484. 29180.
 29497. 29700. 29639. 29912. 29914. 30235. 30178. 29827. 30314. 30084.
 30496. 30664. 30561. 30681. 30876. 30708. 30603. 30690. 30973. 30783.
 31045. 31260. 30996. 31489. 31310. 31427. 31297. 31154. 31515. 31504.
 31465. 31564. 31403. 31855. 31758.  3069.  3041.  3021.  2978.  3056.
  3108.  3171.  3219.  3119.  3022.  3087.  3114.  3104.  3153.  3094.
  3114.  2986.  3143.  3019.  3196.  3094.  3242.  3229.  3090.  3134.
  3165.  3049.  3170.  3108.  3150.  3209.  3160.  3131.  3119.  3195.
  3171.  3151.  3136.  3141.  3101.  3040.  3160.  3192.  3190.  3234.
  3075.  3230.  3168.  3208.  3175.  6229.  6175.  6161.  6239.  6242.
  6215.  6309.  6212.  6270.  6273.  6253.  6212.  6220.  6149.  6310.
  6266.  6298.  6255.  6270.  6397.  6329.  6229.  6285.  6290.  6416.
  6246.  6230.  6468.  6225.  6348.  6342.  6410.  6234.  6196.  6344.
  6464.  6330.  6176.  6429.  6395.  6360.  6282.  6242.  6394.  6291.
  6128.  6280.  6412.  6275.  6245.]
Total events saved: 3082738
I put evnts 0 - 3082738 into /mnt/scratch/micall12/training_files/NuMu_140000_level2_sim4_IC19_start_IC7lt200_CC_start_IC7_all_end_flat_195bins_42953evtperbin.hdf5
