Keeping CC event types
Saving PEGLEG info: False 
Bin size: 1.000000 GeV 
Max Count Per Bin: 30000 events 
Energy Range: 5.000000 - 150.000000 
Starting cut: start_DC 
Ending cut: all_end 
Shuffling: False 
Keeping event types: CC
Total events this file: 64239
Total events saved: 14584, Saved this file: 14584, Finsihed file: /mnt/scratch/micall12/training_files/NuMu_140000_000000_level2_sim3.zst_precleaning_lt200_NOvertex_IC19.hdf5
[  0.   0.   0.   0.   0.   0.   0. 199. 233. 245. 249. 253. 248. 241.
 261. 259. 271. 278. 298. 268. 276. 303. 306. 263. 316. 325. 315. 323.
 304. 326. 326. 348. 351. 310. 345. 316. 324. 340. 342. 332. 311. 334.
 319. 334. 353.   0.   0.   0.   0.   0.   0.   0.   0.   0.   0.   0.
   0.   0.   0.   0.   0.   0.   0.   0.   0.   0.   0.   0.   0.   0.
   0.   0.   0.   0.   0.   0.   0.   0.   0.   0.   0.   0.   0.   0.
   0.   0.   0.   0.   0.   0.   0.   0.   0.   0.   0.  64.  55.  65.
  54.  67.  57.  62.  63.  70.  76.  51.  68.  61.  72.  60.  64.  63.
  66.  59.  75.  66.  71.  70.  66.  69.  71.  73.  60.  71.  62.  72.
  61.  81.  76.  67.  86.  61.  65.  49.  59.  67.  69.  68.  73.  44.
  54.  66.  45.  69.  56.]
Total events this file: 124703
Total events saved: 40598, Saved this file: 26014, Finsihed file: /mnt/scratch/micall12/training_files/NuMu_140000_000001_level2_sim3.zst_precleaning_lt200_NOvertex_IC19.hdf5
[  0.   0.   0.   0.   0.   0.   0. 395. 426. 488. 478. 492. 483. 469.
 547. 540. 557. 542. 580. 560. 586. 614. 619. 564. 609. 659. 616. 621.
 605. 684. 688. 689. 655. 595. 667. 627. 677. 670. 691. 713. 646. 625.
 677. 669. 674. 270. 302. 269. 248. 261. 269. 278. 285. 256. 265. 253.
 273. 238. 282. 221. 275. 282. 260. 250. 241. 273. 245. 259. 263. 272.
 282. 226. 275. 257. 254. 273. 250. 240. 262. 259. 271. 288. 247. 282.
 278. 263. 260. 252. 246. 265. 272. 249. 257. 271. 276.  88.  82.  99.
 100.  97.  84.  82. 109. 102. 100.  80. 101. 104.  99.  88.  95.  88.
  95.  85.  99.  97.  96.  97.  98.  95.  95. 103.  91.  99.  99. 102.
  86. 117. 116.  96. 119.  84. 110.  88.  95.  89.  91.  93.  96.  80.
  81.  99.  84. 100.  83.]
Total events this file: 130484
Total events saved: 67197, Saved this file: 26599, Finsihed file: /mnt/scratch/micall12/training_files/NuMu_140000_000002_level2_sim3.zst_precleaning_lt200_NOvertex_IC19.hdf5
[   0.    0.    0.    0.    0.    0.    0.  569.  641.  728.  720.  720.
  720.  720.  835.  803.  830.  817.  863.  844.  883.  929.  924.  914.
  906.  986.  915.  934.  917. 1018. 1007. 1006.  940.  923.  993.  950.
 1037.  951.  990. 1058.  942.  934. 1020. 1030. 1027.  534.  549.  513.
  526.  540.  530.  543.  530.  522.  528.  468.  525.  506.  541.  499.
  520.  529.  545.  517.  511.  534.  519.  517.  524.  511.  542.  521.
  525.  529.  541.  524.  511.  505.  528.  515.  551.  544.  519.  573.
  547.  499.  512.  513.  492.  547.  552.  516.  512.  526.  532.  129.
  127.  136.  132.  138.  133.  127.  150.  139.  137.  133.  142.  149.
  151.  128.  140.  134.  143.  131.  140.  138.  148.  145.  151.  133.
  142.  142.  137.  132.  142.  148.  137.  159.  159.  150.  169.  128.
  157.  139.  134.  139.  141.  130.  138.  123.  133.  158.  125.  143.
  137.]
Total events this file: 119452
Total events saved: 92234, Saved this file: 25037, Finsihed file: /mnt/scratch/micall12/training_files/NuMu_140000_000003_level2_sim3.zst_precleaning_lt200_NOvertex_IC19.hdf5
[   0.    0.    0.    0.    0.    0.    0.  780.  849.  971.  959.  977.
  998.  987. 1109. 1064. 1101. 1089. 1169. 1119. 1172. 1207. 1193. 1250.
 1196. 1269. 1230. 1238. 1241. 1320. 1303. 1308. 1251. 1241. 1283. 1249.
 1353. 1282. 1330. 1365. 1285. 1265. 1361. 1354. 1342.  783.  782.  755.
  752.  783.  792.  809.  836.  741.  793.  700.  792.  780.  800.  744.
  789.  823.  810.  783.  786.  791.  792.  741.  808.  764.  798.  779.
  780.  813.  796.  770.  754.  757.  790.  758.  803.  783.  787.  827.
  799.  780.  793.  790.  754.  788.  799.  794.  805.  801.  793.  144.
  153.  163.  159.  166.  153.  147.  172.  165.  158.  153.  160.  161.
  170.  148.  158.  151.  163.  147.  163.  155.  169.  166.  165.  148.
  159.  160.  156.  154.  160.  162.  157.  178.  173.  167.  190.  141.
  176.  160.  152.  152.  163.  154.  159.  141.  145.  176.  141.  164.
  157.]
Total events this file: 124270
Total events saved: 117736, Saved this file: 25502, Finsihed file: /mnt/scratch/micall12/training_files/NuMu_140000_000004_level2_sim3.zst_precleaning_lt200_NOvertex_IC19.hdf5
[   0.    0.    0.    0.    0.    0.    0.  951. 1048. 1169. 1209. 1213.
 1245. 1221. 1343. 1299. 1349. 1353. 1424. 1446. 1459. 1508. 1489. 1541.
 1485. 1565. 1530. 1524. 1535. 1631. 1637. 1637. 1596. 1542. 1609. 1595.
 1703. 1610. 1694. 1683. 1621. 1569. 1696. 1688. 1668. 1052. 1030. 1024.
  995. 1055. 1068. 1084. 1098.  974. 1038.  968. 1036. 1032. 1054.  984.
 1059. 1102. 1076. 1040. 1037. 1041. 1081.  987. 1058. 1016. 1043. 1051.
 1041. 1070. 1053. 1002. 1006. 1037. 1064.  998. 1052. 1052. 1054. 1099.
 1032. 1014. 1025. 1043. 1031. 1067. 1064. 1052. 1095. 1088. 1058.  168.
  187.  193.  193.  194.  185.  175.  200.  191.  178.  184.  180.  199.
  214.  180.  191.  184.  185.  182.  196.  184.  201.  202.  202.  176.
  204.  198.  181.  184.  191.  191.  204.  209.  203.  187.  214.  173.
  192.  182.  177.  187.  186.  177.  191.  174.  179.  205.  172.  191.
  195.]
Total events this file: 125872
Total events saved: 143605, Saved this file: 25869, Finsihed file: /mnt/scratch/micall12/training_files/NuMu_140000_000005_level2_sim3.zst_precleaning_lt200_NOvertex_IC19.hdf5
[   0.    0.    0.    0.    0.    0.    0. 1143. 1261. 1393. 1448. 1450.
 1511. 1432. 1602. 1586. 1638. 1610. 1716. 1748. 1751. 1808. 1770. 1852.
 1773. 1880. 1824. 1835. 1859. 1969. 1946. 1954. 1905. 1856. 1964. 1908.
 1998. 1943. 2012. 2004. 1982. 1895. 1997. 2012. 2015. 1332. 1299. 1284.
 1240. 1303. 1315. 1353. 1380. 1251. 1282. 1204. 1315. 1293. 1310. 1243.
 1325. 1342. 1367. 1290. 1263. 1287. 1350. 1238. 1310. 1261. 1308. 1339.
 1290. 1318. 1299. 1269. 1278. 1291. 1328. 1272. 1313. 1311. 1347. 1352.
 1280. 1279. 1296. 1309. 1322. 1318. 1298. 1338. 1347. 1345. 1309.  209.
  227.  226.  219.  223.  214.  218.  235.  212.  205.  223.  204.  239.
  248.  207.  219.  222.  213.  217.  235.  224.  242.  235.  244.  215.
  247.  237.  216.  217.  227.  222.  233.  248.  230.  225.  236.  210.
  225.  219.  213.  224.  224.  208.  214.  199.  219.  233.  207.  222.
  232.]
Total events this file: 93083
Total events saved: 158083, Saved this file: 14478, Finsihed file: /mnt/scratch/micall12/training_files/NuMu_140000_000006_level2_sim3.zst_precleaning_lt200_NOvertex_IC19.hdf5
[   0.    0.    0.    0.    0.    0.    0. 1337. 1468. 1625. 1672. 1698.
 1761. 1685. 1890. 1857. 1934. 1855. 1998. 2059. 2073. 2124. 2072. 2161.
 2090. 2189. 2149. 2168. 2149. 2301. 2249. 2277. 2197. 2171. 2283. 2230.
 2334. 2262. 2330. 2317. 2349. 2234. 2347. 2331. 2341. 1332. 1299. 1284.
 1240. 1303. 1315. 1353. 1380. 1251. 1282. 1204. 1315. 1293. 1310. 1243.
 1325. 1342. 1367. 1290. 1263. 1287. 1350. 1238. 1310. 1261. 1308. 1339.
 1290. 1318. 1299. 1269. 1278. 1291. 1328. 1272. 1313. 1311. 1347. 1352.
 1280. 1279. 1296. 1309. 1322. 1318. 1298. 1338. 1347. 1345. 1309.  287.
  279.  275.  273.  285.  272.  276.  296.  287.  272.  294.  276.  298.
  318.  268.  278.  296.  298.  276.  293.  277.  306.  299.  287.  270.
  308.  294.  286.  277.  288.  285.  308.  306.  298.  294.  303.  257.
  298.  291.  279.  301.  296.  272.  270.  256.  268.  302.  276.  286.
  288.]
Total events this file: 93408
Total events saved: 172523, Saved this file: 14440, Finsihed file: /mnt/scratch/micall12/training_files/NuMu_140000_000007_level2_sim3.zst_precleaning_lt200_NOvertex_IC19.hdf5
[   0.    0.    0.    0.    0.    0.    0. 1548. 1688. 1829. 1918. 1938.
 2010. 1960. 2163. 2148. 2197. 2154. 2305. 2345. 2343. 2466. 2366. 2464.
 2405. 2499. 2446. 2471. 2463. 2587. 2576. 2603. 2496. 2520. 2598. 2553.
 2648. 2596. 2646. 2634. 2695. 2552. 2683. 2661. 2661. 1332. 1299. 1284.
 1240. 1303. 1315. 1353. 1380. 1251. 1282. 1204. 1315. 1293. 1310. 1243.
 1325. 1342. 1367. 1290. 1263. 1287. 1350. 1238. 1310. 1261. 1308. 1339.
 1290. 1318. 1299. 1269. 1278. 1291. 1328. 1272. 1313. 1311. 1347. 1352.
 1280. 1279. 1296. 1309. 1322. 1318. 1298. 1338. 1347. 1345. 1309.  337.
  348.  342.  337.  348.  330.  343.  359.  347.  333.  348.  343.  353.
  397.  336.  343.  363.  364.  347.  360.  350.  367.  353.  364.  317.
  362.  363.  343.  338.  358.  359.  364.  364.  364.  371.  360.  318.
  357.  352.  349.  349.  355.  331.  333.  326.  329.  360.  339.  359.
  363.]
Total events this file: 92931
Total events saved: 187042, Saved this file: 14519, Finsihed file: /mnt/scratch/micall12/training_files/NuMu_140000_000008_level2_sim3.zst_precleaning_lt200_NOvertex_IC19.hdf5
[   0.    0.    0.    0.    0.    0.    0. 1722. 1898. 2059. 2137. 2153.
 2285. 2240. 2421. 2422. 2466. 2441. 2621. 2624. 2611. 2769. 2686. 2758.
 2706. 2801. 2785. 2800. 2788. 2925. 2900. 2913. 2788. 2849. 2939. 2870.
 2952. 2895. 2976. 2946. 3027. 2910. 3053. 3032. 2985. 1332. 1299. 1284.
 1240. 1303. 1315. 1353. 1380. 1251. 1282. 1204. 1315. 1293. 1310. 1243.
 1325. 1342. 1367. 1290. 1263. 1287. 1350. 1238. 1310. 1261. 1308. 1339.
 1290. 1318. 1299. 1269. 1278. 1291. 1328. 1272. 1313. 1311. 1347. 1352.
 1280. 1279. 1296. 1309. 1322. 1318. 1298. 1338. 1347. 1345. 1309.  396.
  412.  399.  396.  416.  410.  413.  428.  414.  409.  421.  406.  413.
  454.  409.  405.  433.  427.  417.  424.  404.  449.  402.  425.  374.
  427.  442.  404.  405.  416.  417.  423.  413.  424.  420.  444.  367.
  419.  419.  409.  407.  417.  401.  398.  383.  393.  442.  405.  414.
  431.]
Total events this file: 89122
Total events saved: 200819, Saved this file: 13777, Finsihed file: /mnt/scratch/micall12/training_files/NuMu_140000_000009_level2_sim3.zst_precleaning_lt200_NOvertex_IC19.hdf5
[   0.    0.    0.    0.    0.    0.    0. 1912. 2095. 2259. 2376. 2378.
 2536. 2511. 2714. 2703. 2730. 2740. 2892. 2931. 2873. 3092. 2984. 3077.
 2988. 3098. 3073. 3118. 3110. 3240. 3205. 3217. 3088. 3174. 3220. 3207.
 3263. 3214. 3268. 3280. 3352. 3223. 3395. 3327. 3324. 1332. 1299. 1284.
 1240. 1303. 1315. 1353. 1380. 1251. 1282. 1204. 1315. 1293. 1310. 1243.
 1325. 1342. 1367. 1290. 1263. 1287. 1350. 1238. 1310. 1261. 1308. 1339.
 1290. 1318. 1299. 1269. 1278. 1291. 1328. 1272. 1313. 1311. 1347. 1352.
 1280. 1279. 1296. 1309. 1322. 1318. 1298. 1338. 1347. 1345. 1309.  466.
  463.  465.  447.  481.  467.  476.  471.  464.  453.  471.  455.  458.
  508.  464.  466.  488.  486.  457.  477.  460.  506.  453.  486.  433.
  471.  502.  461.  454.  468.  466.  488.  464.  478.  474.  506.  430.
  466.  474.  447.  460.  481.  477.  453.  452.  444.  500.  462.  460.
  480.]
Total events this file: 64102
Total events saved: 215213, Saved this file: 14394, Finsihed file: /mnt/scratch/micall12/training_files/NuMu_140000_000010_level2_sim3.zst_precleaning_lt200_NOvertex_IC19.hdf5
[   0.    0.    0.    0.    0.    0.    0. 2111. 2303. 2462. 2611. 2601.
 2794. 2778. 2976. 2959. 3019. 3023. 3151. 3208. 3148. 3381. 3308. 3372.
 3293. 3420. 3395. 3450. 3440. 3546. 3534. 3511. 3405. 3509. 3512. 3531.
 3589. 3560. 3598. 3588. 3717. 3554. 3729. 3669. 3660. 1332. 1299. 1284.
 1240. 1303. 1315. 1353. 1380. 1251. 1282. 1204. 1315. 1293. 1310. 1243.
 1325. 1342. 1367. 1290. 1263. 1287. 1350. 1238. 1310. 1261. 1308. 1339.
 1290. 1318. 1299. 1269. 1278. 1291. 1328. 1272. 1313. 1311. 1347. 1352.
 1280. 1279. 1296. 1309. 1322. 1318. 1298. 1338. 1347. 1345. 1309.  529.
  532.  519.  509.  554.  530.  549.  544.  527.  516.  542.  538.  515.
  577.  534.  535.  548.  547.  517.  534.  529.  581.  515.  573.  504.
  549.  551.  520.  504.  537.  522.  535.  535.  555.  522.  557.  491.
  527.  536.  491.  505.  552.  530.  514.  520.  517.  562.  525.  518.
  532.]
Total events this file: 118202
Total events saved: 240013, Saved this file: 24800, Finsihed file: /mnt/scratch/micall12/training_files/NuMu_140000_000011_level2_sim3.zst_precleaning_lt200_NOvertex_IC19.hdf5
[   0.    0.    0.    0.    0.    0.    0. 2309. 2532. 2679. 2845. 2853.
 3046. 3034. 3226. 3212. 3264. 3268. 3414. 3485. 3420. 3694. 3609. 3685.
 3586. 3719. 3701. 3753. 3752. 3874. 3841. 3833. 3730. 3839. 3835. 3860.
 3941. 3880. 3924. 3911. 4025. 3878. 4072. 3993. 3978. 1574. 1561. 1551.
 1467. 1550. 1565. 1605. 1652. 1508. 1546. 1435. 1586. 1536. 1577. 1510.
 1577. 1581. 1662. 1551. 1538. 1544. 1592. 1487. 1569. 1510. 1571. 1607.
 1540. 1597. 1561. 1532. 1527. 1526. 1563. 1538. 1588. 1568. 1594. 1613.
 1550. 1557. 1551. 1574. 1625. 1577. 1574. 1622. 1593. 1609. 1601.  542.
  543.  531.  525.  568.  541.  562.  555.  537.  531.  554.  563.  527.
  594.  552.  550.  560.  557.  528.  547.  545.  599.  536.  596.  518.
  563.  559.  529.  523.  546.  539.  552.  552.  569.  534.  562.  504.
  544.  558.  501.  523.  566.  540.  529.  526.  529.  579.  542.  537.
  554.]
Total events this file: 122418
Total events saved: 265879, Saved this file: 25866, Finsihed file: /mnt/scratch/micall12/training_files/NuMu_140000_000012_level2_sim3.zst_precleaning_lt200_NOvertex_IC19.hdf5
[   0.    0.    0.    0.    0.    0.    0. 2521. 2743. 2914. 3085. 3113.
 3273. 3290. 3505. 3458. 3536. 3561. 3681. 3757. 3706. 3979. 3917. 4008.
 3925. 4018. 4015. 4066. 4078. 4159. 4163. 4141. 4058. 4151. 4140. 4171.
 4278. 4215. 4275. 4250. 4371. 4203. 4411. 4305. 4324. 1839. 1808. 1812.
 1715. 1793. 1858. 1847. 1913. 1769. 1806. 1685. 1870. 1812. 1864. 1779.
 1858. 1820. 1943. 1798. 1833. 1822. 1843. 1731. 1848. 1763. 1847. 1883.
 1788. 1853. 1857. 1771. 1783. 1805. 1850. 1771. 1852. 1832. 1871. 1876.
 1819. 1862. 1830. 1854. 1886. 1836. 1835. 1893. 1850. 1872. 1850.  569.
  568.  547.  555.  596.  573.  594.  592.  558.  559.  585.  590.  558.
  629.  585.  584.  590.  578.  554.  576.  569.  625.  565.  619.  545.
  593.  580.  560.  553.  569.  560.  573.  578.  591.  563.  584.  522.
  570.  583.  525.  545.  589.  560.  558.  562.  543.  611.  574.  574.
  577.]
Total events this file: 60917
Total events saved: 279873, Saved this file: 13994, Finsihed file: /mnt/scratch/micall12/training_files/NuMu_140000_000013_level2_sim3.zst_precleaning_lt200_NOvertex_IC19.hdf5
[   0.    0.    0.    0.    0.    0.    0. 2743. 2949. 3111. 3309. 3358.
 3519. 3548. 3781. 3719. 3806. 3874. 3942. 4066. 4014. 4269. 4202. 4288.
 4241. 4349. 4312. 4401. 4406. 4492. 4496. 4424. 4363. 4471. 4459. 4484.
 4617. 4538. 4583. 4571. 4697. 4553. 4765. 4632. 4649. 1839. 1808. 1812.
 1715. 1793. 1858. 1847. 1913. 1769. 1806. 1685. 1870. 1812. 1864. 1779.
 1858. 1820. 1943. 1798. 1833. 1822. 1843. 1731. 1848. 1763. 1847. 1883.
 1788. 1853. 1857. 1771. 1783. 1805. 1850. 1771. 1852. 1832. 1871. 1876.
 1819. 1862. 1830. 1854. 1886. 1836. 1835. 1893. 1850. 1872. 1850.  628.
  638.  599.  618.  651.  629.  648.  650.  616.  620.  633.  641.  610.
  694.  641.  647.  653.  636.  610.  632.  628.  675.  618.  669.  598.
  644.  619.  621.  613.  623.  621.  629.  635.  643.  613.  644.  584.
  625.  638.  579.  596.  641.  627.  605.  615.  587.  667.  615.  625.
  626.]
Total events this file: 64105
Total events saved: 294229, Saved this file: 14356, Finsihed file: /mnt/scratch/micall12/training_files/NuMu_140000_000014_level2_sim3.zst_precleaning_lt200_NOvertex_IC19.hdf5
[   0.    0.    0.    0.    0.    0.    0. 2961. 3183. 3338. 3533. 3587.
 3762. 3802. 4021. 3989. 4065. 4148. 4231. 4376. 4282. 4618. 4495. 4589.
 4555. 4675. 4619. 4709. 4718. 4781. 4809. 4738. 4663. 4786. 4768. 4802.
 4981. 4852. 4889. 4918. 5018. 4869. 5094. 4951. 4980. 1839. 1808. 1812.
 1715. 1793. 1858. 1847. 1913. 1769. 1806. 1685. 1870. 1812. 1864. 1779.
 1858. 1820. 1943. 1798. 1833. 1822. 1843. 1731. 1848. 1763. 1847. 1883.
 1788. 1853. 1857. 1771. 1783. 1805. 1850. 1771. 1852. 1832. 1871. 1876.
 1819. 1862. 1830. 1854. 1886. 1836. 1835. 1893. 1850. 1872. 1850.  684.
  700.  676.  677.  712.  692.  710.  726.  679.  672.  694.  707.  665.
  761.  699.  721.  721.  699.  671.  703.  694.  748.  678.  741.  665.
  710.  676.  691.  682.  683.  697.  685.  700.  692.  675.  708.  636.
  681.  696.  656.  648.  710.  686.  670.  694.  647.  737.  676.  686.
  702.]
Total events this file: 63979
Total events saved: 308626, Saved this file: 14397, Finsihed file: /mnt/scratch/micall12/training_files/NuMu_140000_000015_level2_sim3.zst_precleaning_lt200_NOvertex_IC19.hdf5
[   0.    0.    0.    0.    0.    0.    0. 3165. 3418. 3580. 3776. 3804.
 4037. 4037. 4263. 4239. 4329. 4424. 4513. 4653. 4571. 4908. 4787. 4900.
 4845. 4985. 4931. 5001. 5018. 5098. 5119. 5069. 5011. 5130. 5111. 5131.
 5341. 5147. 5232. 5271. 5344. 5197. 5403. 5290. 5284. 1839. 1808. 1812.
 1715. 1793. 1858. 1847. 1913. 1769. 1806. 1685. 1870. 1812. 1864. 1779.
 1858. 1820. 1943. 1798. 1833. 1822. 1843. 1731. 1848. 1763. 1847. 1883.
 1788. 1853. 1857. 1771. 1783. 1805. 1850. 1771. 1852. 1832. 1871. 1876.
 1819. 1862. 1830. 1854. 1886. 1836. 1835. 1893. 1850. 1872. 1850.  754.
  751.  742.  727.  776.  763.  764.  799.  746.  724.  766.  776.  730.
  834.  751.  791.  776.  769.  735.  770.  743.  817.  736.  796.  744.
  775.  742.  754.  747.  747.  762.  754.  771.  760.  736.  766.  693.
  746.  765.  710.  717.  775.  740.  724.  761.  703.  811.  732.  778.
  760.]
Total events this file: 153265
Total events saved: 335663, Saved this file: 27037, Finsihed file: /mnt/scratch/micall12/training_files/NuMu_140000_000016_level2_sim3.zst_precleaning_lt200_NOvertex_IC19.hdf5
[   0.    0.    0.    0.    0.    0.    0. 3368. 3622. 3820. 4014. 4028.
 4281. 4291. 4533. 4527. 4593. 4702. 4803. 4912. 4899. 5205. 5099. 5217.
 5184. 5299. 5227. 5293. 5349. 5398. 5460. 5395. 5346. 5472. 5441. 5444.
 5695. 5465. 5553. 5599. 5672. 5540. 5731. 5606. 5620. 2097. 2074. 2088.
 1993. 2051. 2120. 2115. 2147. 2005. 2067. 1934. 2153. 2088. 2106. 2001.
 2108. 2044. 2220. 2050. 2097. 2105. 2103. 1980. 2109. 2035. 2098. 2141.
 2041. 2115. 2123. 2033. 2058. 2065. 2117. 2034. 2126. 2117. 2150. 2126.
 2069. 2160. 2083. 2127. 2160. 2119. 2084. 2158. 2115. 2115. 2111.  808.
  801.  792.  776.  827.  811.  818.  836.  807.  773.  811.  828.  787.
  884.  810.  839.  828.  832.  781.  823.  785.  866.  795.  845.  798.
  822.  789.  812.  795.  816.  808.  805.  830.  818.  802.  820.  751.
  796.  822.  765.  757.  823.  807.  772.  800.  769.  865.  788.  820.
  812.]
Total events this file: 59101
Total events saved: 349546, Saved this file: 13883, Finsihed file: /mnt/scratch/micall12/training_files/NuMu_140000_000017_level2_sim3.zst_precleaning_lt200_NOvertex_IC19.hdf5
[   0.    0.    0.    0.    0.    0.    0. 3552. 3830. 4063. 4261. 4262.
 4537. 4586. 4822. 4788. 4859. 4955. 5101. 5193. 5222. 5481. 5387. 5504.
 5473. 5605. 5520. 5630. 5687. 5739. 5755. 5716. 5652. 5812. 5737. 5761.
 5994. 5819. 5888. 5948. 6018. 5886. 6067. 5921. 5946. 2097. 2074. 2088.
 1993. 2051. 2120. 2115. 2147. 2005. 2067. 1934. 2153. 2088. 2106. 2001.
 2108. 2044. 2220. 2050. 2097. 2105. 2103. 1980. 2109. 2035. 2098. 2141.
 2041. 2115. 2123. 2033. 2058. 2065. 2117. 2034. 2126. 2117. 2150. 2126.
 2069. 2160. 2083. 2127. 2160. 2119. 2084. 2158. 2115. 2115. 2111.  863.
  846.  845.  821.  881.  850.  878.  890.  854.  825.  858.  883.  837.
  933.  858.  896.  876.  885.  818.  886.  846.  922.  852.  906.  847.
  878.  846.  858.  848.  867.  869.  856.  897.  864.  862.  865.  799.
  852.  869.  811.  814.  874.  853.  816.  853.  829.  921.  853.  870.
  854.]
Total events this file: 137062
Total events saved: 377064, Saved this file: 27518, Finsihed file: /mnt/scratch/micall12/training_files/NuMu_140000_000018_level2_sim3.zst_precleaning_lt200_NOvertex_IC19.hdf5
[   0.    0.    0.    0.    0.    0.    0. 3747. 4037. 4294. 4511. 4483.
 4752. 4831. 5077. 5050. 5161. 5218. 5402. 5500. 5499. 5761. 5692. 5801.
 5795. 5903. 5835. 5978. 6011. 6057. 6084. 6028. 5981. 6132. 6061. 6073.
 6310. 6160. 6219. 6270. 6363. 6236. 6426. 6232. 6295. 2358. 2349. 2332.
 2211. 2306. 2378. 2359. 2420. 2264. 2366. 2168. 2409. 2321. 2341. 2264.
 2369. 2289. 2472. 2335. 2363. 2366. 2358. 2227. 2389. 2303. 2401. 2403.
 2318. 2364. 2386. 2283. 2307. 2351. 2381. 2291. 2378. 2381. 2427. 2384.
 2340. 2446. 2314. 2418. 2429. 2373. 2334. 2412. 2358. 2408. 2350.  932.
  909.  907.  897.  948.  910.  944.  959.  904.  873.  936.  943.  909.
  993.  917.  959.  929.  952.  877.  962.  916.  981.  905.  981.  924.
  950.  910.  925.  909.  938.  939.  926.  966.  940.  911.  934.  880.
  904.  936.  875.  877.  925.  908.  876.  916.  880.  985.  918.  933.
  917.]
Total events this file: 64301
Total events saved: 391363, Saved this file: 14299, Finsihed file: /mnt/scratch/micall12/training_files/NuMu_140000_000019_level2_sim3.zst_precleaning_lt200_NOvertex_IC19.hdf5
[   0.    0.    0.    0.    0.    0.    0. 3926. 4246. 4521. 4752. 4744.
 4988. 5094. 5343. 5300. 5444. 5518. 5675. 5788. 5789. 6062. 5978. 6109.
 6100. 6225. 6137. 6292. 6319. 6336. 6419. 6373. 6321. 6464. 6354. 6385.
 6603. 6481. 6555. 6604. 6689. 6549. 6745. 6547. 6653. 2358. 2349. 2332.
 2211. 2306. 2378. 2359. 2420. 2264. 2366. 2168. 2409. 2321. 2341. 2264.
 2369. 2289. 2472. 2335. 2363. 2366. 2358. 2227. 2389. 2303. 2401. 2403.
 2318. 2364. 2386. 2283. 2307. 2351. 2381. 2291. 2378. 2381. 2427. 2384.
 2340. 2446. 2314. 2418. 2429. 2373. 2334. 2412. 2358. 2408. 2350.  998.
  965.  969.  945. 1015.  971.  999. 1018.  947.  943. 1004. 1014.  967.
 1053.  983. 1007.  993. 1027.  938. 1020.  987. 1058.  952. 1044.  990.
 1027.  971. 1001.  974. 1005.  998.  996. 1028. 1003.  974.  994.  930.
  964.  992.  952.  933.  992.  958.  937.  981.  951. 1055.  977. 1003.
  978.]
Total events this file: 64583
Total events saved: 405611, Saved this file: 14248, Finsihed file: /mnt/scratch/micall12/training_files/NuMu_140000_000020_level2_sim3.zst_precleaning_lt200_NOvertex_IC19.hdf5
[   0.    0.    0.    0.    0.    0.    0. 4101. 4470. 4730. 4998. 4991.
 5242. 5344. 5607. 5556. 5726. 5805. 5951. 6101. 6064. 6336. 6292. 6424.
 6384. 6514. 6451. 6606. 6621. 6671. 6719. 6697. 6636. 6792. 6655. 6680.
 6916. 6792. 6888. 6928. 7014. 6878. 7074. 6854. 6965. 2358. 2349. 2332.
 2211. 2306. 2378. 2359. 2420. 2264. 2366. 2168. 2409. 2321. 2341. 2264.
 2369. 2289. 2472. 2335. 2363. 2366. 2358. 2227. 2389. 2303. 2401. 2403.
 2318. 2364. 2386. 2283. 2307. 2351. 2381. 2291. 2378. 2381. 2427. 2384.
 2340. 2446. 2314. 2418. 2429. 2373. 2334. 2412. 2358. 2408. 2350. 1057.
 1020. 1036.  994. 1069. 1034. 1067. 1098. 1010. 1007. 1085. 1075. 1016.
 1118. 1043. 1073. 1055. 1090.  989. 1076. 1051. 1125. 1014. 1101. 1047.
 1110. 1045. 1069. 1048. 1066. 1071. 1050. 1083. 1072. 1048. 1064.  983.
 1035. 1054. 1021.  995. 1041. 1019.  998. 1067. 1012. 1134. 1045. 1071.
 1033.]
Total events this file: 64210
Total events saved: 420057, Saved this file: 14446, Finsihed file: /mnt/scratch/micall12/training_files/NuMu_140000_000021_level2_sim3.zst_precleaning_lt200_NOvertex_IC19.hdf5
[   0.    0.    0.    0.    0.    0.    0. 4281. 4685. 4995. 5239. 5221.
 5476. 5610. 5872. 5821. 6014. 6103. 6270. 6412. 6377. 6620. 6601. 6717.
 6669. 6801. 6752. 6941. 6932. 7005. 7004. 7023. 6942. 7137. 6996. 7041.
 7227. 7129. 7190. 7255. 7372. 7205. 7390. 7182. 7303. 2358. 2349. 2332.
 2211. 2306. 2378. 2359. 2420. 2264. 2366. 2168. 2409. 2321. 2341. 2264.
 2369. 2289. 2472. 2335. 2363. 2366. 2358. 2227. 2389. 2303. 2401. 2403.
 2318. 2364. 2386. 2283. 2307. 2351. 2381. 2291. 2378. 2381. 2427. 2384.
 2340. 2446. 2314. 2418. 2429. 2373. 2334. 2412. 2358. 2408. 2350. 1121.
 1081. 1096. 1052. 1129. 1094. 1124. 1159. 1080. 1064. 1138. 1137. 1075.
 1184. 1103. 1147. 1118. 1146. 1054. 1157. 1110. 1192. 1084. 1164. 1106.
 1167. 1099. 1131. 1106. 1126. 1137. 1115. 1145. 1120. 1108. 1134. 1047.
 1105. 1122. 1069. 1065. 1106. 1075. 1055. 1128. 1077. 1194. 1123. 1130.
 1094.]
Total events this file: 63941
Total events saved: 434318, Saved this file: 14261, Finsihed file: /mnt/scratch/micall12/training_files/NuMu_140000_000022_level2_sim3.zst_precleaning_lt200_NOvertex_IC19.hdf5
[   0.    0.    0.    0.    0.    0.    0. 4458. 4895. 5220. 5455. 5461.
 5746. 5872. 6126. 6098. 6275. 6393. 6529. 6670. 6675. 6921. 6888. 7041.
 6942. 7087. 7065. 7237. 7213. 7340. 7312. 7303. 7279. 7473. 7325. 7374.
 7556. 7460. 7549. 7565. 7677. 7566. 7734. 7484. 7675. 2358. 2349. 2332.
 2211. 2306. 2378. 2359. 2420. 2264. 2366. 2168. 2409. 2321. 2341. 2264.
 2369. 2289. 2472. 2335. 2363. 2366. 2358. 2227. 2389. 2303. 2401. 2403.
 2318. 2364. 2386. 2283. 2307. 2351. 2381. 2291. 2378. 2381. 2427. 2384.
 2340. 2446. 2314. 2418. 2429. 2373. 2334. 2412. 2358. 2408. 2350. 1185.
 1144. 1160. 1107. 1201. 1159. 1189. 1221. 1131. 1133. 1193. 1202. 1126.
 1250. 1165. 1226. 1166. 1222. 1119. 1216. 1161. 1253. 1146. 1225. 1168.
 1229. 1163. 1180. 1182. 1184. 1216. 1190. 1204. 1183. 1173. 1193. 1112.
 1169. 1193. 1122. 1111. 1181. 1151. 1129. 1202. 1140. 1249. 1174. 1187.
 1140.]
Total events this file: 137668
Total events saved: 461440, Saved this file: 27122, Finsihed file: /mnt/scratch/micall12/training_files/NuMu_140000_000023_level2_sim3.zst_precleaning_lt200_NOvertex_IC19.hdf5
[   0.    0.    0.    0.    0.    0.    0. 4671. 5103. 5430. 5682. 5713.
 6023. 6081. 6368. 6362. 6566. 6651. 6804. 6966. 6956. 7225. 7197. 7334.
 7211. 7387. 7380. 7527. 7554. 7653. 7648. 7627. 7576. 7825. 7629. 7715.
 7878. 7763. 7862. 7890. 8003. 7879. 8067. 7810. 7986. 2622. 2603. 2572.
 2452. 2570. 2653. 2613. 2673. 2530. 2648. 2426. 2650. 2579. 2580. 2515.
 2616. 2558. 2739. 2614. 2620. 2629. 2604. 2492. 2658. 2536. 2652. 2669.
 2552. 2617. 2644. 2536. 2571. 2610. 2621. 2564. 2639. 2656. 2705. 2654.
 2585. 2696. 2592. 2657. 2689. 2630. 2590. 2699. 2601. 2672. 2591. 1244.
 1212. 1222. 1173. 1264. 1232. 1247. 1279. 1190. 1193. 1253. 1269. 1182.
 1319. 1228. 1286. 1232. 1285. 1193. 1273. 1235. 1314. 1210. 1280. 1228.
 1291. 1230. 1242. 1244. 1265. 1275. 1268. 1270. 1235. 1233. 1268. 1191.
 1239. 1240. 1190. 1178. 1245. 1236. 1182. 1258. 1199. 1307. 1233. 1243.
 1189.]
Total events this file: 64213
Total events saved: 475892, Saved this file: 14452, Finsihed file: /mnt/scratch/micall12/training_files/NuMu_140000_000024_level2_sim3.zst_precleaning_lt200_NOvertex_IC19.hdf5
[   0.    0.    0.    0.    0.    0.    0. 4879. 5314. 5656. 5876. 5951.
 6269. 6337. 6642. 6614. 6847. 6929. 7072. 7247. 7237. 7532. 7513. 7633.
 7496. 7675. 7687. 7845. 7886. 7998. 7993. 7951. 7896. 8152. 7973. 8019.
 8229. 8074. 8203. 8222. 8329. 8214. 8380. 8141. 8321. 2622. 2603. 2572.
 2452. 2570. 2653. 2613. 2673. 2530. 2648. 2426. 2650. 2579. 2580. 2515.
 2616. 2558. 2739. 2614. 2620. 2629. 2604. 2492. 2658. 2536. 2652. 2669.
 2552. 2617. 2644. 2536. 2571. 2610. 2621. 2564. 2639. 2656. 2705. 2654.
 2585. 2696. 2592. 2657. 2689. 2630. 2590. 2699. 2601. 2672. 2591. 1309.
 1278. 1287. 1226. 1323. 1302. 1306. 1347. 1250. 1246. 1322. 1346. 1251.
 1386. 1301. 1350. 1293. 1342. 1259. 1328. 1317. 1382. 1277. 1346. 1291.
 1347. 1302. 1305. 1309. 1322. 1354. 1325. 1342. 1288. 1314. 1347. 1251.
 1299. 1308. 1256. 1235. 1303. 1305. 1241. 1337. 1256. 1362. 1293. 1314.
 1236.]
Total events this file: 63609
Total events saved: 490176, Saved this file: 14284, Finsihed file: /mnt/scratch/micall12/training_files/NuMu_140000_000025_level2_sim3.zst_precleaning_lt200_NOvertex_IC19.hdf5
[   0.    0.    0.    0.    0.    0.    0. 5042. 5550. 5888. 6110. 6210.
 6492. 6597. 6923. 6865. 7117. 7198. 7329. 7549. 7545. 7792. 7816. 7959.
 7781. 7974. 8042. 8163. 8241. 8283. 8323. 8265. 8209. 8474. 8272. 8326.
 8558. 8409. 8543. 8527. 8608. 8540. 8735. 8472. 8647. 2622. 2603. 2572.
 2452. 2570. 2653. 2613. 2673. 2530. 2648. 2426. 2650. 2579. 2580. 2515.
 2616. 2558. 2739. 2614. 2620. 2629. 2604. 2492. 2658. 2536. 2652. 2669.
 2552. 2617. 2644. 2536. 2571. 2610. 2621. 2564. 2639. 2656. 2705. 2654.
 2585. 2696. 2592. 2657. 2689. 2630. 2590. 2699. 2601. 2672. 2591. 1357.
 1350. 1358. 1280. 1383. 1361. 1370. 1406. 1308. 1309. 1387. 1404. 1314.
 1468. 1377. 1416. 1347. 1411. 1329. 1384. 1363. 1436. 1337. 1419. 1354.
 1401. 1368. 1358. 1381. 1392. 1429. 1377. 1407. 1348. 1387. 1404. 1320.
 1357. 1369. 1319. 1315. 1367. 1369. 1298. 1405. 1321. 1413. 1347. 1376.
 1302.]
Total events this file: 63942
Total events saved: 504504, Saved this file: 14328, Finsihed file: /mnt/scratch/micall12/training_files/NuMu_140000_000026_level2_sim3.zst_precleaning_lt200_NOvertex_IC19.hdf5
[   0.    0.    0.    0.    0.    0.    0. 5234. 5756. 6106. 6357. 6468.
 6759. 6845. 7174. 7146. 7414. 7467. 7611. 7823. 7823. 8093. 8129. 8253.
 8097. 8252. 8367. 8483. 8544. 8563. 8663. 8591. 8525. 8795. 8601. 8629.
 8895. 8751. 8851. 8868. 8915. 8891. 9049. 8827. 8947. 2622. 2603. 2572.
 2452. 2570. 2653. 2613. 2673. 2530. 2648. 2426. 2650. 2579. 2580. 2515.
 2616. 2558. 2739. 2614. 2620. 2629. 2604. 2492. 2658. 2536. 2652. 2669.
 2552. 2617. 2644. 2536. 2571. 2610. 2621. 2564. 2639. 2656. 2705. 2654.
 2585. 2696. 2592. 2657. 2689. 2630. 2590. 2699. 2601. 2672. 2591. 1419.
 1417. 1421. 1339. 1436. 1424. 1438. 1470. 1379. 1373. 1447. 1478. 1386.
 1524. 1435. 1464. 1410. 1477. 1386. 1441. 1432. 1501. 1417. 1474. 1418.
 1467. 1428. 1413. 1438. 1447. 1488. 1433. 1460. 1413. 1453. 1468. 1380.
 1421. 1425. 1383. 1376. 1433. 1436. 1377. 1466. 1381. 1479. 1411. 1455.
 1361.]
Total events this file: 64452
Total events saved: 518958, Saved this file: 14454, Finsihed file: /mnt/scratch/micall12/training_files/NuMu_140000_000027_level2_sim3.zst_precleaning_lt200_NOvertex_IC19.hdf5
[   0.    0.    0.    0.    0.    0.    0. 5435. 5979. 6301. 6605. 6684.
 7007. 7104. 7450. 7395. 7683. 7768. 7868. 8128. 8121. 8381. 8433. 8581.
 8398. 8541. 8688. 8770. 8884. 8839. 9016. 8878. 8876. 9109. 8923. 8938.
 9208. 9050. 9189. 9187. 9241. 9209. 9377. 9189. 9282. 2622. 2603. 2572.
 2452. 2570. 2653. 2613. 2673. 2530. 2648. 2426. 2650. 2579. 2580. 2515.
 2616. 2558. 2739. 2614. 2620. 2629. 2604. 2492. 2658. 2536. 2652. 2669.
 2552. 2617. 2644. 2536. 2571. 2610. 2621. 2564. 2639. 2656. 2705. 2654.
 2585. 2696. 2592. 2657. 2689. 2630. 2590. 2699. 2601. 2672. 2591. 1482.
 1477. 1479. 1412. 1510. 1488. 1502. 1541. 1441. 1431. 1510. 1551. 1450.
 1588. 1504. 1540. 1483. 1541. 1464. 1508. 1509. 1562. 1482. 1536. 1484.
 1538. 1484. 1480. 1515. 1505. 1564. 1512. 1524. 1474. 1509. 1533. 1438.
 1501. 1492. 1448. 1429. 1504. 1494. 1447. 1517. 1441. 1547. 1471. 1525.
 1432.]
Total events this file: 137175
Total events saved: 546340, Saved this file: 27382, Finsihed file: /mnt/scratch/micall12/training_files/NuMu_140000_000028_level2_sim3.zst_precleaning_lt200_NOvertex_IC19.hdf5
[   0.    0.    0.    0.    0.    0.    0. 5640. 6187. 6505. 6866. 6919.
 7283. 7383. 7722. 7659. 7960. 8038. 8155. 8434. 8419. 8683. 8754. 8875.
 8704. 8853. 8985. 9057. 9171. 9171. 9330. 9180. 9205. 9422. 9262. 9274.
 9516. 9423. 9513. 9523. 9547. 9510. 9731. 9532. 9583. 2880. 2858. 2787.
 2697. 2832. 2912. 2881. 2924. 2806. 2879. 2671. 2921. 2844. 2817. 2773.
 2868. 2826. 3019. 2874. 2868. 2900. 2851. 2752. 2936. 2822. 2903. 2914.
 2814. 2864. 2924. 2784. 2810. 2869. 2886. 2831. 2868. 2919. 2971. 2942.
 2837. 2963. 2850. 2916. 2952. 2903. 2839. 2991. 2880. 2950. 2843. 1541.
 1561. 1563. 1473. 1576. 1552. 1561. 1598. 1501. 1495. 1564. 1608. 1521.
 1663. 1570. 1601. 1554. 1597. 1521. 1571. 1567. 1616. 1536. 1610. 1549.
 1607. 1539. 1550. 1570. 1576. 1623. 1580. 1580. 1533. 1560. 1605. 1494.
 1564. 1561. 1499. 1487. 1562. 1556. 1516. 1588. 1517. 1603. 1531. 1593.
 1482.]
Total events this file: 137775
Total events saved: 573648, Saved this file: 27308, Finsihed file: /mnt/scratch/micall12/training_files/NuMu_140000_000029_level2_sim3.zst_precleaning_lt200_NOvertex_IC19.hdf5
[    0.     0.     0.     0.     0.     0.     0.  5830.  6370.  6724.
  7103.  7156.  7536.  7624.  7969.  7914.  8232.  8316.  8430.  8725.
  8691.  8953.  9078.  9188.  9021.  9165.  9282.  9358.  9455.  9494.
  9669.  9521.  9526.  9725.  9577.  9561.  9833.  9734.  9878.  9842.
  9878.  9848. 10062.  9879.  9897.  3116.  3130.  3022.  2974.  3065.
  3152.  3125.  3211.  3070.  3120.  2932.  3203.  3103.  3079.  3051.
  3157.  3085.  3274.  3120.  3123.  3185.  3116.  2991.  3200.  3073.
  3134.  3182.  3077.  3110.  3206.  3034.  3074.  3122.  3125.  3111.
  3133.  3195.  3260.  3196.  3097.  3225.  3135.  3167.  3239.  3190.
  3081.  3256.  3134.  3194.  3111.  1604.  1621.  1635.  1534.  1656.
  1610.  1626.  1659.  1570.  1563.  1633.  1666.  1576.  1722.  1635.
  1658.  1605.  1669.  1581.  1634.  1617.  1662.  1603.  1670.  1611.
  1683.  1607.  1615.  1627.  1654.  1686.  1638.  1655.  1607.  1628.
  1645.  1559.  1626.  1623.  1566.  1567.  1619.  1618.  1578.  1655.
  1589.  1680.  1598.  1650.  1546.]
Total events this file: 63957
Total events saved: 588016, Saved this file: 14368, Finsihed file: /mnt/scratch/micall12/training_files/NuMu_140000_000030_level2_sim3.zst_precleaning_lt200_NOvertex_IC19.hdf5
[    0.     0.     0.     0.     0.     0.     0.  6011.  6587.  6933.
  7303.  7414.  7803.  7880.  8195.  8194.  8529.  8594.  8729.  9023.
  8984.  9211.  9387.  9537.  9333.  9450.  9581.  9674.  9751.  9820.
  9989.  9832.  9832. 10041.  9889.  9870. 10158. 10078. 10192. 10186.
 10224. 10143. 10391. 10221. 10228.  3116.  3130.  3022.  2974.  3065.
  3152.  3125.  3211.  3070.  3120.  2932.  3203.  3103.  3079.  3051.
  3157.  3085.  3274.  3120.  3123.  3185.  3116.  2991.  3200.  3073.
  3134.  3182.  3077.  3110.  3206.  3034.  3074.  3122.  3125.  3111.
  3133.  3195.  3260.  3196.  3097.  3225.  3135.  3167.  3239.  3190.
  3081.  3256.  3134.  3194.  3111.  1685.  1675.  1681.  1599.  1719.
  1671.  1684.  1714.  1635.  1629.  1694.  1723.  1647.  1783.  1699.
  1729.  1680.  1731.  1630.  1702.  1690.  1727.  1663.  1729.  1685.
  1747.  1661.  1672.  1701.  1722.  1762.  1706.  1722.  1678.  1699.
  1709.  1630.  1698.  1689.  1627.  1650.  1673.  1683.  1631.  1727.
  1635.  1734.  1651.  1729.  1614.]
Total events this file: 137458
Total events saved: 615193, Saved this file: 27177, Finsihed file: /mnt/scratch/micall12/training_files/NuMu_140000_000031_level2_sim3.zst_precleaning_lt200_NOvertex_IC19.hdf5
[    0.     0.     0.     0.     0.     0.     0.  6211.  6778.  7170.
  7531.  7635.  8036.  8138.  8461.  8461.  8772.  8866.  9000.  9272.
  9277.  9504.  9683.  9843.  9625.  9751.  9866.  9990. 10076. 10134.
 10306. 10184. 10151. 10376. 10212. 10176. 10484. 10407. 10524. 10558.
 10561. 10454. 10695. 10557. 10565.  3392.  3380.  3268.  3195.  3320.
  3403.  3395.  3442.  3304.  3360.  3203.  3455.  3375.  3305.  3318.
  3468.  3374.  3530.  3377.  3363.  3446.  3365.  3263.  3435.  3342.
  3397.  3456.  3348.  3347.  3481.  3301.  3317.  3375.  3392.  3357.
  3408.  3426.  3515.  3472.  3366.  3509.  3399.  3390.  3503.  3451.
  3321.  3507.  3361.  3439.  3388.  1749.  1748.  1747.  1662.  1775.
  1747.  1733.  1793.  1697.  1696.  1758.  1795.  1720.  1845.  1753.
  1779.  1737.  1799.  1698.  1768.  1757.  1784.  1727.  1789.  1751.
  1815.  1736.  1745.  1769.  1786.  1824.  1761.  1798.  1746.  1769.
  1773.  1695.  1763.  1747.  1682.  1714.  1738.  1757.  1691.  1796.
  1688.  1805.  1712.  1800.  1682.]
Total events this file: 137586
Total events saved: 642431, Saved this file: 27238, Finsihed file: /mnt/scratch/micall12/training_files/NuMu_140000_000032_level2_sim3.zst_precleaning_lt200_NOvertex_IC19.hdf5
[    0.     0.     0.     0.     0.     0.     0.  6428.  6994.  7385.
  7756.  7871.  8275.  8392.  8731.  8717.  9038.  9154.  9265.  9556.
  9596.  9784.  9959. 10135.  9921. 10082. 10181. 10276. 10370. 10460.
 10630. 10508. 10449. 10688. 10552. 10498. 10814. 10745. 10861. 10884.
 10913. 10775. 11000. 10861. 10894.  3660.  3615.  3508.  3455.  3595.
  3681.  3650.  3675.  3583.  3607.  3471.  3703.  3631.  3574.  3585.
  3732.  3614.  3804.  3625.  3630.  3724.  3647.  3518.  3686.  3584.
  3649.  3733.  3596.  3598.  3749.  3551.  3599.  3604.  3631.  3628.
  3677.  3678.  3782.  3747.  3629.  3787.  3658.  3649.  3761.  3720.
  3576.  3752.  3604.  3712.  3635.  1807.  1804.  1816.  1727.  1838.
  1808.  1794.  1860.  1758.  1764.  1829.  1844.  1769.  1900.  1803.
  1840.  1797.  1849.  1757.  1845.  1831.  1852.  1798.  1847.  1818.
  1877.  1802.  1812.  1845.  1848.  1875.  1816.  1876.  1807.  1846.
  1838.  1760.  1830.  1812.  1747.  1776.  1797.  1834.  1763.  1855.
  1746.  1859.  1787.  1853.  1755.]
Total events this file: 58993
Total events saved: 656307, Saved this file: 13876, Finsihed file: /mnt/scratch/micall12/training_files/NuMu_140000_000033_level2_sim3.zst_precleaning_lt200_NOvertex_IC19.hdf5
[    0.     0.     0.     0.     0.     0.     0.  6619.  7210.  7608.
  7961.  8122.  8531.  8639.  8998.  8986.  9294.  9418.  9546.  9858.
  9872. 10105. 10254. 10439. 10231. 10412. 10474. 10591. 10684. 10805.
 10971. 10814. 10778. 11001. 10864. 10866. 11150. 11074. 11201. 11227.
 11249. 11082. 11337. 11201. 11249.  3660.  3615.  3508.  3455.  3595.
  3681.  3650.  3675.  3583.  3607.  3471.  3703.  3631.  3574.  3585.
  3732.  3614.  3804.  3625.  3630.  3724.  3647.  3518.  3686.  3584.
  3649.  3733.  3596.  3598.  3749.  3551.  3599.  3604.  3631.  3628.
  3677.  3678.  3782.  3747.  3629.  3787.  3658.  3649.  3761.  3720.
  3576.  3752.  3604.  3712.  3635.  1848.  1857.  1861.  1787.  1880.
  1861.  1829.  1919.  1817.  1827.  1887.  1903.  1819.  1950.  1859.
  1892.  1843.  1897.  1816.  1887.  1892.  1903.  1855.  1892.  1850.
  1924.  1844.  1867.  1899.  1886.  1914.  1867.  1921.  1856.  1909.
  1894.  1802.  1891.  1873.  1793.  1835.  1857.  1882.  1817.  1923.
  1795.  1903.  1840.  1899.  1802.]
Total events this file: 58952
Total events saved: 670011, Saved this file: 13704, Finsihed file: /mnt/scratch/micall12/training_files/NuMu_140000_000034_level2_sim3.zst_precleaning_lt200_NOvertex_IC19.hdf5
[    0.     0.     0.     0.     0.     0.     0.  6842.  7472.  7827.
  8177.  8332.  8776.  8876.  9255.  9271.  9584.  9691.  9810. 10176.
 10170. 10414. 10548. 10762. 10528. 10694. 10828. 10875. 10989. 11095.
 11279. 11118. 11093. 11313. 11215. 11205. 11481. 11423. 11507. 11573.
 11565. 11391. 11670. 11542. 11568.  3660.  3615.  3508.  3455.  3595.
  3681.  3650.  3675.  3583.  3607.  3471.  3703.  3631.  3574.  3585.
  3732.  3614.  3804.  3625.  3630.  3724.  3647.  3518.  3686.  3584.
  3649.  3733.  3596.  3598.  3749.  3551.  3599.  3604.  3631.  3628.
  3677.  3678.  3782.  3747.  3629.  3787.  3658.  3649.  3761.  3720.
  3576.  3752.  3604.  3712.  3635.  1890.  1901.  1902.  1842.  1942.
  1911.  1886.  1979.  1858.  1886.  1938.  1947.  1873.  2000.  1911.
  1955.  1899.  1931.  1860.  1937.  1938.  1951.  1902.  1946.  1896.
  1978.  1895.  1913.  1939.  1934.  1960.  1918.  1977.  1907.  1958.
  1939.  1844.  1937.  1922.  1848.  1888.  1908.  1929.  1868.  1979.
  1865.  1941.  1885.  1958.  1843.]
Total events this file: 137890
Total events saved: 697541, Saved this file: 27530, Finsihed file: /mnt/scratch/micall12/training_files/NuMu_140000_000035_level2_sim3.zst_precleaning_lt200_NOvertex_IC19.hdf5
[    0.     0.     0.     0.     0.     0.     0.  7023.  7706.  8031.
  8403.  8556.  9047.  9161.  9494.  9539.  9850. 10001. 10128. 10473.
 10473. 10703. 10840. 11056. 10853. 11006. 11128. 11217. 11311. 11389.
 11627. 11394. 11407. 11618. 11494. 11550. 11807. 11751. 11861. 11914.
 11897. 11725. 11969. 11859. 11910.  3905.  3903.  3763.  3703.  3858.
  3941.  3915.  3958.  3855.  3878.  3734.  3946.  3891.  3822.  3836.
  3968.  3884.  4063.  3879.  3889.  4003.  3892.  3781.  3918.  3837.
  3913.  3990.  3865.  3875.  4038.  3837.  3889.  3849.  3878.  3899.
  3929.  3954.  4041.  4017.  3877.  4048.  3901.  3896.  4053.  4000.
  3827.  3997.  3867.  4001.  3890.  1945.  1984.  1964.  1899.  1998.
  1966.  1951.  2053.  1916.  1946.  2003.  2002.  1940.  2082.  1977.
  2018.  1970.  1990.  1929.  1986.  1987.  2014.  1954.  2016.  1961.
  2047.  1965.  1969.  2008.  2001.  2024.  1994.  2034.  1979.  2025.
  2014.  1909.  1997.  1995.  1906.  1945.  1971.  1993.  1935.  2047.
  1926.  2009.  1950.  2023.  1900.]
Total events this file: 38501
Total events saved: 708697, Saved this file: 11156, Finsihed file: /mnt/scratch/micall12/training_files/NuMu_140000_000036_level2_sim3.zst_precleaning_lt200_NOvertex_IC19.hdf5
[    0.     0.     0.     0.     0.     0.     0.  7222.  7916.  8248.
  8625.  8812.  9277.  9374.  9758.  9832. 10121. 10296. 10425. 10761.
 10769. 10995. 11136. 11388. 11184. 11303. 11455. 11534. 11595. 11710.
 11937. 11709. 11758. 11940. 11803. 11867. 12140. 12076. 12179. 12223.
 12214. 12045. 12297. 12162. 12241.  3905.  3903.  3763.  3703.  3858.
  3941.  3915.  3958.  3855.  3878.  3734.  3946.  3891.  3822.  3836.
  3968.  3884.  4063.  3879.  3889.  4003.  3892.  3781.  3918.  3837.
  3913.  3990.  3865.  3875.  4038.  3837.  3889.  3849.  3878.  3899.
  3929.  3954.  4041.  4017.  3877.  4048.  3901.  3896.  4053.  4000.
  3827.  3997.  3867.  4001.  3890.  1945.  1984.  1964.  1899.  1998.
  1966.  1951.  2053.  1916.  1946.  2003.  2002.  1940.  2082.  1977.
  2018.  1970.  1990.  1929.  1986.  1987.  2014.  1954.  2016.  1961.
  2047.  1965.  1969.  2008.  2001.  2024.  1994.  2034.  1979.  2025.
  2014.  1909.  1997.  1995.  1906.  1945.  1971.  1993.  1935.  2047.
  1926.  2009.  1950.  2023.  1900.]
Total events this file: 64364
Total events saved: 723077, Saved this file: 14380, Finsihed file: /mnt/scratch/micall12/training_files/NuMu_140000_000037_level2_sim3.zst_precleaning_lt200_NOvertex_IC19.hdf5
[    0.     0.     0.     0.     0.     0.     0.  7429.  8143.  8461.
  8871.  9066.  9498.  9636. 10017. 10102. 10410. 10599. 10703. 11053.
 11014. 11295. 11421. 11665. 11478. 11643. 11778. 11831. 11918. 12048.
 12234. 11998. 12056. 12262. 12147. 12218. 12443. 12418. 12487. 12592.
 12579. 12364. 12626. 12488. 12594.  3905.  3903.  3763.  3703.  3858.
  3941.  3915.  3958.  3855.  3878.  3734.  3946.  3891.  3822.  3836.
  3968.  3884.  4063.  3879.  3889.  4003.  3892.  3781.  3918.  3837.
  3913.  3990.  3865.  3875.  4038.  3837.  3889.  3849.  3878.  3899.
  3929.  3954.  4041.  4017.  3877.  4048.  3901.  3896.  4053.  4000.
  3827.  3997.  3867.  4001.  3890.  1998.  2051.  2041.  1960.  2054.
  2033.  2016.  2117.  1977.  2008.  2061.  2067.  1990.  2142.  2032.
  2078.  2023.  2052.  1977.  2059.  2057.  2084.  2026.  2073.  2029.
  2109.  2033.  2029.  2081.  2060.  2089.  2057.  2085.  2044.  2084.
  2068.  1974.  2060.  2042.  1972.  2004.  2031.  2054.  1988.  2126.
  1985.  2078.  2037.  2086.  1958.]
Total events this file: 92961
Total events saved: 737277, Saved this file: 14200, Finsihed file: /mnt/scratch/micall12/training_files/NuMu_140000_000038_level2_sim3.zst_precleaning_lt200_NOvertex_IC19.hdf5
[    0.     0.     0.     0.     0.     0.     0.  7639.  8330.  8680.
  9102.  9306.  9725.  9893. 10269. 10353. 10694. 10875. 10975. 11333.
 11287. 11585. 11735. 11978. 11796. 11953. 12079. 12143. 12213. 12378.
 12524. 12324. 12356. 12602. 12447. 12535. 12775. 12763. 12771. 12911.
 12910. 12690. 12942. 12822. 12937.  3905.  3903.  3763.  3703.  3858.
  3941.  3915.  3958.  3855.  3878.  3734.  3946.  3891.  3822.  3836.
  3968.  3884.  4063.  3879.  3889.  4003.  3892.  3781.  3918.  3837.
  3913.  3990.  3865.  3875.  4038.  3837.  3889.  3849.  3878.  3899.
  3929.  3954.  4041.  4017.  3877.  4048.  3901.  3896.  4053.  4000.
  3827.  3997.  3867.  4001.  3890.  2073.  2123.  2099.  2025.  2128.
  2103.  2072.  2178.  2041.  2062.  2117.  2116.  2048.  2215.  2103.
  2145.  2081.  2112.  2051.  2115.  2107.  2144.  2088.  2141.  2099.
  2183.  2101.  2080.  2142.  2140.  2147.  2122.  2152.  2110.  2141.
  2121.  2029.  2125.  2105.  2038.  2063.  2094.  2121.  2057.  2189.
  2047.  2149.  2101.  2140.  2011.]
Total events this file: 64184
Total events saved: 751613, Saved this file: 14336, Finsihed file: /mnt/scratch/micall12/training_files/NuMu_140000_000039_level2_sim3.zst_precleaning_lt200_NOvertex_IC19.hdf5
[    0.     0.     0.     0.     0.     0.     0.  7830.  8530.  8909.
  9349.  9560.  9961. 10155. 10530. 10609. 10956. 11148. 11269. 11621.
 11576. 11862. 12035. 12259. 12103. 12238. 12374. 12451. 12510. 12665.
 12838. 12655. 12682. 12932. 12752. 12899. 13159. 13100. 13098. 13233.
 13221. 13001. 13275. 13141. 13306.  3905.  3903.  3763.  3703.  3858.
  3941.  3915.  3958.  3855.  3878.  3734.  3946.  3891.  3822.  3836.
  3968.  3884.  4063.  3879.  3889.  4003.  3892.  3781.  3918.  3837.
  3913.  3990.  3865.  3875.  4038.  3837.  3889.  3849.  3878.  3899.
  3929.  3954.  4041.  4017.  3877.  4048.  3901.  3896.  4053.  4000.
  3827.  3997.  3867.  4001.  3890.  2132.  2180.  2174.  2110.  2195.
  2166.  2129.  2239.  2115.  2130.  2173.  2175.  2126.  2283.  2163.
  2198.  2150.  2170.  2130.  2182.  2169.  2196.  2144.  2213.  2145.
  2235.  2176.  2140.  2217.  2208.  2217.  2176.  2210.  2169.  2214.
  2192.  2089.  2193.  2171.  2095.  2123.  2143.  2184.  2124.  2251.
  2109.  2215.  2158.  2203.  2069.]
Total events this file: 64216
Total events saved: 766098, Saved this file: 14485, Finsihed file: /mnt/scratch/micall12/training_files/NuMu_140000_000040_level2_sim3.zst_precleaning_lt200_NOvertex_IC19.hdf5
[    0.     0.     0.     0.     0.     0.     0.  8027.  8750.  9138.
  9593.  9793. 10201. 10395. 10820. 10883. 11234. 11435. 11541. 11905.
 11883. 12114. 12338. 12581. 12393. 12596. 12710. 12789. 12847. 12976.
 13171. 12948. 13002. 13246. 13057. 13237. 13487. 13420. 13425. 13578.
 13555. 13322. 13545. 13484. 13651.  3905.  3903.  3763.  3703.  3858.
  3941.  3915.  3958.  3855.  3878.  3734.  3946.  3891.  3822.  3836.
  3968.  3884.  4063.  3879.  3889.  4003.  3892.  3781.  3918.  3837.
  3913.  3990.  3865.  3875.  4038.  3837.  3889.  3849.  3878.  3899.
  3929.  3954.  4041.  4017.  3877.  4048.  3901.  3896.  4053.  4000.
  3827.  3997.  3867.  4001.  3890.  2188.  2252.  2253.  2176.  2250.
  2229.  2198.  2304.  2188.  2200.  2243.  2235.  2188.  2333.  2227.
  2266.  2199.  2243.  2206.  2249.  2227.  2258.  2209.  2277.  2194.
  2301.  2238.  2201.  2279.  2260.  2290.  2252.  2269.  2229.  2289.
  2262.  2149.  2259.  2240.  2165.  2189.  2204.  2254.  2189.  2312.
  2170.  2271.  2214.  2280.  2117.]
Total events this file: 64188
Total events saved: 780485, Saved this file: 14387, Finsihed file: /mnt/scratch/micall12/training_files/NuMu_140000_000041_level2_sim3.zst_precleaning_lt200_NOvertex_IC19.hdf5
[    0.     0.     0.     0.     0.     0.     0.  8198.  8977.  9367.
  9847. 10036. 10435. 10664. 11077. 11156. 11512. 11715. 11838. 12165.
 12151. 12417. 12626. 12916. 12672. 12940. 13036. 13091. 13161. 13301.
 13442. 13241. 13363. 13576. 13360. 13542. 13835. 13725. 13724. 13907.
 13882. 13673. 13860. 13813. 14001.  3905.  3903.  3763.  3703.  3858.
  3941.  3915.  3958.  3855.  3878.  3734.  3946.  3891.  3822.  3836.
  3968.  3884.  4063.  3879.  3889.  4003.  3892.  3781.  3918.  3837.
  3913.  3990.  3865.  3875.  4038.  3837.  3889.  3849.  3878.  3899.
  3929.  3954.  4041.  4017.  3877.  4048.  3901.  3896.  4053.  4000.
  3827.  3997.  3867.  4001.  3890.  2244.  2322.  2313.  2247.  2318.
  2280.  2259.  2379.  2249.  2272.  2300.  2302.  2270.  2382.  2284.
  2324.  2262.  2312.  2267.  2327.  2288.  2310.  2290.  2341.  2254.
  2370.  2302.  2263.  2340.  2319.  2357.  2329.  2340.  2300.  2350.
  2327.  2220.  2327.  2292.  2235.  2250.  2267.  2317.  2254.  2381.
  2240.  2333.  2274.  2334.  2173.]
Total events this file: 64199
Total events saved: 794817, Saved this file: 14332, Finsihed file: /mnt/scratch/micall12/training_files/NuMu_140000_000042_level2_sim3.zst_precleaning_lt200_NOvertex_IC19.hdf5
[    0.     0.     0.     0.     0.     0.     0.  8401.  9178.  9574.
 10089. 10273. 10674. 10940. 11356. 11457. 11783. 12002. 12158. 12455.
 12420. 12696. 12933. 13219. 12977. 13258. 13349. 13410. 13465. 13621.
 13764. 13562. 13650. 13883. 13638. 13882. 14161. 14052. 13997. 14228.
 14240. 13981. 14186. 14170. 14321.  3905.  3903.  3763.  3703.  3858.
  3941.  3915.  3958.  3855.  3878.  3734.  3946.  3891.  3822.  3836.
  3968.  3884.  4063.  3879.  3889.  4003.  3892.  3781.  3918.  3837.
  3913.  3990.  3865.  3875.  4038.  3837.  3889.  3849.  3878.  3899.
  3929.  3954.  4041.  4017.  3877.  4048.  3901.  3896.  4053.  4000.
  3827.  3997.  3867.  4001.  3890.  2307.  2379.  2379.  2320.  2389.
  2329.  2315.  2439.  2313.  2334.  2365.  2383.  2339.  2444.  2342.
  2401.  2310.  2380.  2334.  2394.  2348.  2384.  2356.  2404.  2318.
  2427.  2363.  2312.  2416.  2380.  2422.  2386.  2396.  2359.  2413.
  2412.  2265.  2388.  2356.  2304.  2315.  2345.  2373.  2315.  2438.
  2307.  2383.  2341.  2401.  2238.]
Total events this file: 63920
Total events saved: 809284, Saved this file: 14467, Finsihed file: /mnt/scratch/micall12/training_files/NuMu_140000_000043_level2_sim3.zst_precleaning_lt200_NOvertex_IC19.hdf5
[    0.     0.     0.     0.     0.     0.     0.  8608.  9385.  9801.
 10310. 10504. 10930. 11184. 11665. 11715. 12083. 12256. 12444. 12738.
 12711. 12980. 13244. 13533. 13280. 13540. 13675. 13697. 13787. 13961.
 14060. 13893. 13953. 14226. 13928. 14223. 14488. 14392. 14347. 14568.
 14577. 14293. 14528. 14490. 14667.  3905.  3903.  3763.  3703.  3858.
  3941.  3915.  3958.  3855.  3878.  3734.  3946.  3891.  3822.  3836.
  3968.  3884.  4063.  3879.  3889.  4003.  3892.  3781.  3918.  3837.
  3913.  3990.  3865.  3875.  4038.  3837.  3889.  3849.  3878.  3899.
  3929.  3954.  4041.  4017.  3877.  4048.  3901.  3896.  4053.  4000.
  3827.  3997.  3867.  4001.  3890.  2377.  2439.  2452.  2382.  2447.
  2388.  2369.  2512.  2373.  2394.  2430.  2458.  2393.  2521.  2400.
  2468.  2373.  2451.  2404.  2462.  2412.  2463.  2419.  2469.  2381.
  2502.  2424.  2364.  2475.  2454.  2476.  2448.  2459.  2411.  2489.
  2479.  2328.  2454.  2412.  2368.  2385.  2403.  2435.  2384.  2503.
  2365.  2456.  2398.  2462.  2296.]
Total events this file: 137733
Total events saved: 836956, Saved this file: 27672, Finsihed file: /mnt/scratch/micall12/training_files/NuMu_140000_000044_level2_sim3.zst_precleaning_lt200_NOvertex_IC19.hdf5
[    0.     0.     0.     0.     0.     0.     0.  8816.  9595. 10006.
 10542. 10742. 11149. 11441. 11939. 11964. 12364. 12543. 12721. 13039.
 13020. 13298. 13537. 13867. 13594. 13881. 13979. 14007. 14086. 14280.
 14374. 14243. 14307. 14538. 14271. 14544. 14833. 14730. 14697. 14894.
 14920. 14630. 14854. 14842. 14982.  4163.  4173.  4030.  3946.  4088.
  4176.  4166.  4220.  4120.  4116.  4006.  4207.  4133.  4073.  4096.
  4222.  4126.  4340.  4122.  4158.  4266.  4171.  4070.  4176.  4074.
  4182.  4235.  4125.  4141.  4334.  4086.  4146.  4107.  4161.  4174.
  4185.  4192.  4317.  4298.  4157.  4315.  4183.  4154.  4328.  4251.
  4099.  4260.  4134.  4269.  4183.  2440.  2503.  2521.  2437.  2502.
  2462.  2449.  2583.  2443.  2463.  2495.  2523.  2461.  2592.  2455.
  2523.  2435.  2515.  2465.  2544.  2463.  2520.  2484.  2522.  2447.
  2570.  2502.  2439.  2525.  2500.  2538.  2496.  2527.  2475.  2556.
  2549.  2390.  2531.  2472.  2430.  2443.  2455.  2510.  2441.  2564.
  2424.  2524.  2454.  2521.  2350.]
Total events this file: 64364
Total events saved: 851313, Saved this file: 14357, Finsihed file: /mnt/scratch/micall12/training_files/NuMu_140000_000045_level2_sim3.zst_precleaning_lt200_NOvertex_IC19.hdf5
[    0.     0.     0.     0.     0.     0.     0.  8982.  9806. 10184.
 10810. 11007. 11399. 11692. 12210. 12231. 12637. 12802. 12991. 13324.
 13318. 13579. 13838. 14152. 13888. 14162. 14291. 14317. 14410. 14573.
 14716. 14584. 14617. 14894. 14572. 14871. 15155. 15056. 15027. 15244.
 15260. 14904. 15199. 15188. 15341.  4163.  4173.  4030.  3946.  4088.
  4176.  4166.  4220.  4120.  4116.  4006.  4207.  4133.  4073.  4096.
  4222.  4126.  4340.  4122.  4158.  4266.  4171.  4070.  4176.  4074.
  4182.  4235.  4125.  4141.  4334.  4086.  4146.  4107.  4161.  4174.
  4185.  4192.  4317.  4298.  4157.  4315.  4183.  4154.  4328.  4251.
  4099.  4260.  4134.  4269.  4183.  2481.  2579.  2591.  2497.  2552.
  2516.  2522.  2649.  2506.  2531.  2550.  2582.  2518.  2651.  2514.
  2593.  2496.  2574.  2526.  2621.  2524.  2596.  2550.  2586.  2508.
  2635.  2566.  2507.  2581.  2564.  2608.  2568.  2573.  2543.  2623.
  2631.  2444.  2611.  2539.  2498.  2503.  2514.  2590.  2507.  2634.
  2482.  2584.  2509.  2585.  2416.]
Total events this file: 64347
Total events saved: 865688, Saved this file: 14375, Finsihed file: /mnt/scratch/micall12/training_files/NuMu_140000_000046_level2_sim3.zst_precleaning_lt200_NOvertex_IC19.hdf5
[    0.     0.     0.     0.     0.     0.     0.  9159. 10021. 10404.
 11053. 11230. 11626. 11961. 12460. 12528. 12902. 13100. 13263. 13617.
 13592. 13859. 14158. 14431. 14214. 14445. 14615. 14626. 14727. 14906.
 15042. 14917. 14936. 15245. 14894. 15222. 15475. 15359. 15366. 15559.
 15590. 15216. 15514. 15508. 15652.  4163.  4173.  4030.  3946.  4088.
  4176.  4166.  4220.  4120.  4116.  4006.  4207.  4133.  4073.  4096.
  4222.  4126.  4340.  4122.  4158.  4266.  4171.  4070.  4176.  4074.
  4182.  4235.  4125.  4141.  4334.  4086.  4146.  4107.  4161.  4174.
  4185.  4192.  4317.  4298.  4157.  4315.  4183.  4154.  4328.  4251.
  4099.  4260.  4134.  4269.  4183.  2545.  2639.  2648.  2558.  2624.
  2575.  2581.  2709.  2572.  2587.  2608.  2660.  2602.  2727.  2570.
  2658.  2570.  2639.  2584.  2684.  2601.  2655.  2625.  2647.  2568.
  2700.  2620.  2585.  2645.  2635.  2663.  2626.  2636.  2603.  2696.
  2701.  2491.  2662.  2604.  2557.  2575.  2570.  2661.  2566.  2693.
  2547.  2643.  2589.  2650.  2488.]
Total events this file: 137520
Total events saved: 892963, Saved this file: 27275, Finsihed file: /mnt/scratch/micall12/training_files/NuMu_140000_000047_level2_sim3.zst_precleaning_lt200_NOvertex_IC19.hdf5
[    0.     0.     0.     0.     0.     0.     0.  9354. 10222. 10637.
 11249. 11461. 11883. 12233. 12724. 12807. 13186. 13378. 13559. 13910.
 13896. 14156. 14478. 14726. 14528. 14748. 14920. 14923. 15065. 15167.
 15338. 15244. 15226. 15522. 15194. 15521. 15806. 15691. 15669. 15891.
 15881. 15566. 15843. 15830. 16009.  4426.  4448.  4277.  4166.  4335.
  4425.  4422.  4491.  4395.  4368.  4243.  4473.  4380.  4332.  4358.
  4471.  4408.  4593.  4376.  4433.  4514.  4418.  4330.  4462.  4346.
  4456.  4470.  4382.  4386.  4629.  4359.  4419.  4400.  4389.  4395.
  4451.  4445.  4568.  4577.  4419.  4589.  4424.  4423.  4574.  4539.
  4345.  4503.  4368.  4535.  4473.  2614.  2708.  2715.  2626.  2704.
  2659.  2647.  2783.  2645.  2636.  2675.  2724.  2657.  2798.  2644.
  2713.  2633.  2699.  2636.  2756.  2655.  2721.  2688.  2715.  2644.
  2760.  2685.  2653.  2693.  2712.  2727.  2694.  2707.  2676.  2757.
  2774.  2557.  2718.  2670.  2617.  2637.  2632.  2736.  2625.  2754.
  2613.  2694.  2660.  2715.  2553.]
Total events this file: 137300
Total events saved: 920470, Saved this file: 27507, Finsihed file: /mnt/scratch/micall12/training_files/NuMu_140000_000048_level2_sim3.zst_precleaning_lt200_NOvertex_IC19.hdf5
[    0.     0.     0.     0.     0.     0.     0.  9537. 10427. 10863.
 11462. 11717. 12133. 12510. 12994. 13047. 13484. 13660. 13858. 14212.
 14200. 14460. 14821. 15040. 14820. 15052. 15224. 15207. 15367. 15465.
 15658. 15558. 15542. 15834. 15528. 15852. 16146. 16004. 15980. 16212.
 16238. 15903. 16163. 16165. 16342.  4659.  4680.  4520.  4388.  4577.
  4703.  4675.  4746.  4688.  4610.  4528.  4724.  4640.  4572.  4609.
  4705.  4708.  4845.  4611.  4700.  4767.  4672.  4596.  4737.  4621.
  4703.  4753.  4672.  4657.  4872.  4629.  4659.  4660.  4661.  4683.
  4716.  4710.  4844.  4837.  4712.  4849.  4686.  4696.  4815.  4784.
  4608.  4765.  4582.  4821.  4757.  2677.  2775.  2763.  2689.  2776.
  2724.  2714.  2854.  2709.  2694.  2736.  2793.  2735.  2861.  2714.
  2800.  2688.  2763.  2691.  2824.  2722.  2792.  2745.  2782.  2709.
  2819.  2760.  2728.  2757.  2790.  2783.  2763.  2776.  2740.  2818.
  2850.  2615.  2790.  2726.  2693.  2700.  2694.  2803.  2682.  2806.
  2676.  2758.  2718.  2783.  2615.]
Total events this file: 64082
Total events saved: 935054, Saved this file: 14584, Finsihed file: /mnt/scratch/micall12/training_files/NuMu_140000_000049_level2_sim3.zst_precleaning_lt200_NOvertex_IC19.hdf5
[    0.     0.     0.     0.     0.     0.     0.  9708. 10644. 11075.
 11695. 11975. 12368. 12751. 13252. 13312. 13737. 13931. 14152. 14488.
 14498. 14758. 15109. 15350. 15148. 15388. 15548. 15492. 15702. 15776.
 15990. 15877. 15865. 16162. 15854. 16157. 16486. 16339. 16314. 16526.
 16570. 16222. 16515. 16511. 16713.  4659.  4680.  4520.  4388.  4577.
  4703.  4675.  4746.  4688.  4610.  4528.  4724.  4640.  4572.  4609.
  4705.  4708.  4845.  4611.  4700.  4767.  4672.  4596.  4737.  4621.
  4703.  4753.  4672.  4657.  4872.  4629.  4659.  4660.  4661.  4683.
  4716.  4710.  4844.  4837.  4712.  4849.  4686.  4696.  4815.  4784.
  4608.  4765.  4582.  4821.  4757.  2733.  2849.  2842.  2766.  2830.
  2784.  2792.  2921.  2768.  2764.  2808.  2861.  2788.  2934.  2784.
  2861.  2754.  2830.  2755.  2886.  2781.  2842.  2794.  2860.  2775.
  2883.  2831.  2808.  2820.  2857.  2844.  2832.  2837.  2812.  2891.
  2921.  2690.  2859.  2785.  2762.  2763.  2753.  2880.  2752.  2870.
  2751.  2823.  2779.  2843.  2676.]
[    0.     0.     0.     0.     0.     0.     0.  9708. 10644. 11075.
 11695. 11975. 12368. 12751. 13252. 13312. 13737. 13931. 14152. 14488.
 14498. 14758. 15109. 15350. 15148. 15388. 15548. 15492. 15702. 15776.
 15990. 15877. 15865. 16162. 15854. 16157. 16486. 16339. 16314. 16526.
 16570. 16222. 16515. 16511. 16713.  4659.  4680.  4520.  4388.  4577.
  4703.  4675.  4746.  4688.  4610.  4528.  4724.  4640.  4572.  4609.
  4705.  4708.  4845.  4611.  4700.  4767.  4672.  4596.  4737.  4621.
  4703.  4753.  4672.  4657.  4872.  4629.  4659.  4660.  4661.  4683.
  4716.  4710.  4844.  4837.  4712.  4849.  4686.  4696.  4815.  4784.
  4608.  4765.  4582.  4821.  4757.  2733.  2849.  2842.  2766.  2830.
  2784.  2792.  2921.  2768.  2764.  2808.  2861.  2788.  2934.  2784.
  2861.  2754.  2830.  2755.  2886.  2781.  2842.  2794.  2860.  2775.
  2883.  2831.  2808.  2820.  2857.  2844.  2832.  2837.  2812.  2891.
  2921.  2690.  2859.  2785.  2762.  2763.  2753.  2880.  2752.  2870.
  2751.  2823.  2779.  2843.  2676.]
Total events saved: 935054
I put evnts 0 - 935054 into /mnt/scratch/micall12/training_files/NuMu_140000_level2_sim3_IC19_start_DC_precleaninglt150_CC_start_DC_all_end_flat_145bins_30000evtperbin.hdf5
