Keeping CC event types
Saving PEGLEG info: False 
Bin size: 1.000000 GeV 
Max Count Per Bin: 28000 events 
Energy Range: 5.000000 - 150.000000 
Starting cut: old_start_DC 
Ending cut: all_end 
Shuffling: False 
Keeping event types: CC
Total events this file: 64239
Total events saved: 13621, Saved this file: 13621, Finsihed file: /mnt/scratch/micall12/training_files/NuMu_140000_000000_level2_sim3.zst_precleaning_lt200_NOvertex_IC19.hdf5
[  0.   0.   0.   0.   0.   0.   0. 194. 219. 236. 229. 242. 236. 224.
 246. 240. 254. 263. 284. 250. 264. 279. 286. 246. 295. 300. 296. 300.
 274. 312. 298. 324. 334. 285. 322. 300. 297. 318. 321. 304. 294. 316.
 296. 320. 321.   0.   0.   0.   0.   0.   0.   0.   0.   0.   0.   0.
   0.   0.   0.   0.   0.   0.   0.   0.   0.   0.   0.   0.   0.   0.
   0.   0.   0.   0.   0.   0.   0.   0.   0.   0.   0.   0.   0.   0.
   0.   0.   0.   0.   0.   0.   0.   0.   0.   0.   0.  59.  50.  62.
  49.  65.  50.  54.  58.  66.  76.  42.  59.  61.  62.  52.  59.  59.
  63.  54.  72.  57.  65.  66.  63.  62.  65.  68.  57.  67.  64.  62.
  57.  75.  65.  62.  84.  58.  57.  50.  54.  61.  62.  64.  66.  46.
  49.  61.  43.  62.  58.]
Total events this file: 124703
Total events saved: 37753, Saved this file: 24132, Finsihed file: /mnt/scratch/micall12/training_files/NuMu_140000_000001_level2_sim3.zst_precleaning_lt200_NOvertex_IC19.hdf5
[  0.   0.   0.   0.   0.   0.   0. 379. 402. 470. 444. 460. 451. 433.
 512. 510. 519. 508. 556. 521. 553. 573. 585. 528. 567. 607. 578. 578.
 554. 638. 636. 642. 606. 543. 618. 588. 629. 624. 649. 658. 613. 585.
 631. 633. 631. 253. 285. 246. 233. 245. 239. 252. 263. 235. 251. 234.
 254. 223. 265. 210. 255. 258. 235. 230. 225. 252. 228. 250. 253. 247.
 260. 211. 255. 239. 238. 248. 244. 221. 238. 242. 246. 271. 231. 252.
 255. 248. 245. 228. 224. 247. 243. 215. 232. 249. 250.  79.  76.  93.
  88.  95.  75.  74. 102.  93.  99.  71.  89.  99.  89.  77.  91.  82.
  85.  77.  93.  84.  89.  92.  94.  86.  88.  90.  87.  93.  95.  90.
  81. 107. 103.  87. 116.  78.  99.  85.  84.  82.  81.  89.  85.  80.
  74.  90.  80.  90.  82.]
Total events this file: 130484
Total events saved: 62528, Saved this file: 24775, Finsihed file: /mnt/scratch/micall12/training_files/NuMu_140000_000002_level2_sim3.zst_precleaning_lt200_NOvertex_IC19.hdf5
[  0.   0.   0.   0.   0.   0.   0. 547. 603. 686. 675. 673. 671. 667.
 784. 756. 767. 767. 809. 787. 822. 866. 869. 857. 843. 914. 856. 858.
 850. 958. 927. 939. 876. 849. 923. 896. 967. 883. 927. 979. 897. 879.
 947. 966. 954. 506. 514. 471. 491. 502. 482. 494. 496. 483. 496. 434.
 491. 475. 512. 468. 488. 476. 507. 472. 473. 493. 483. 488. 500. 473.
 500. 481. 492. 495. 503. 481. 486. 471. 486. 475. 513. 510. 481. 520.
 507. 470. 481. 481. 453. 497. 507. 466. 470. 477. 486. 117. 116. 127.
 117. 135. 123. 119. 143. 127. 133. 123. 124. 142. 137. 116. 141. 125.
 133. 121. 129. 125. 137. 134. 143. 119. 131. 128. 128. 123. 137. 136.
 127. 147. 141. 139. 161. 117. 139. 132. 120. 126. 131. 124. 122. 119.
 119. 143. 119. 128. 134.]
Total events this file: 119452
Total events saved: 85846, Saved this file: 23318, Finsihed file: /mnt/scratch/micall12/training_files/NuMu_140000_000003_level2_sim3.zst_precleaning_lt200_NOvertex_IC19.hdf5
[   0.    0.    0.    0.    0.    0.    0.  748.  797.  907.  900.  903.
  936.  922. 1048. 1004. 1017. 1022. 1095. 1037. 1097. 1123. 1110. 1178.
 1119. 1176. 1152. 1136. 1156. 1244. 1203. 1219. 1172. 1145. 1201. 1175.
 1264. 1202. 1236. 1272. 1210. 1186. 1268. 1275. 1249.  744.  725.  699.
  698.  728.  723.  735.  780.  685.  738.  648.  737.  736.  760.  693.
  742.  753.  759.  719.  725.  731.  730.  698.  764.  705.  740.  719.
  731.  754.  746.  712.  713.  706.  720.  695.  738.  732.  735.  759.
  746.  722.  730.  742.  693.  736.  743.  715.  742.  734.  724.  132.
  137.  150.  142.  160.  140.  138.  163.  150.  152.  142.  141.  154.
  152.  136.  159.  145.  152.  134.  151.  141.  157.  155.  156.  131.
  148.  144.  145.  147.  155.  149.  146.  162.  154.  155.  180.  130.
  156.  151.  136.  138.  153.  144.  138.  135.  131.  161.  134.  147.
  151.]
Total events this file: 124270
Total events saved: 109560, Saved this file: 23714, Finsihed file: /mnt/scratch/micall12/training_files/NuMu_140000_000004_level2_sim3.zst_precleaning_lt200_NOvertex_IC19.hdf5
[   0.    0.    0.    0.    0.    0.    0.  910.  985. 1094. 1131. 1117.
 1168. 1142. 1272. 1225. 1250. 1268. 1336. 1348. 1357. 1400. 1394. 1447.
 1389. 1448. 1432. 1392. 1433. 1537. 1516. 1522. 1486. 1435. 1503. 1502.
 1582. 1506. 1575. 1566. 1517. 1469. 1570. 1580. 1552.  986.  957.  950.
  925.  984.  978.  994. 1020.  899.  972.  889.  960.  977.  994.  915.
  981. 1013.  998.  954.  945.  959.  995.  930.  991.  938.  966.  982.
  967.  999.  983.  932.  943.  967.  968.  922.  966.  981.  987. 1006.
  969.  937.  944.  984.  949.  999.  998.  960. 1005. 1007.  973.  154.
  170.  178.  176.  189.  172.  169.  189.  176.  170.  170.  161.  193.
  195.  170.  188.  174.  176.  168.  182.  170.  185.  189.  193.  155.
  188.  176.  169.  174.  185.  177.  190.  193.  182.  174.  203.  162.
  171.  172.  158.  174.  174.  164.  168.  166.  162.  189.  165.  171.
  187.]
Total events this file: 125872
Total events saved: 133622, Saved this file: 24062, Finsihed file: /mnt/scratch/micall12/training_files/NuMu_140000_000005_level2_sim3.zst_precleaning_lt200_NOvertex_IC19.hdf5
[   0.    0.    0.    0.    0.    0.    0. 1092. 1182. 1308. 1359. 1341.
 1423. 1337. 1515. 1496. 1518. 1505. 1615. 1634. 1627. 1683. 1650. 1738.
 1655. 1742. 1713. 1678. 1721. 1856. 1813. 1813. 1772. 1729. 1837. 1790.
 1861. 1819. 1867. 1861. 1854. 1777. 1858. 1879. 1877. 1250. 1206. 1181.
 1146. 1217. 1210. 1242. 1272. 1163. 1200. 1112. 1222. 1225. 1233. 1152.
 1229. 1233. 1271. 1183. 1152. 1195. 1240. 1158. 1233. 1159. 1205. 1234.
 1199. 1230. 1217. 1181. 1193. 1210. 1212. 1174. 1201. 1219. 1261. 1244.
 1196. 1184. 1200. 1229. 1221. 1222. 1216. 1224. 1246. 1233. 1202.  191.
  205.  212.  202.  215.  200.  209.  226.  198.  193.  205.  187.  230.
  225.  193.  214.  208.  203.  198.  222.  205.  222.  215.  231.  191.
  228.  211.  203.  203.  222.  206.  216.  231.  204.  211.  222.  197.
  203.  209.  192.  209.  210.  190.  191.  192.  200.  217.  201.  202.
  220.]
Total events this file: 93083
Total events saved: 147173, Saved this file: 13551, Finsihed file: /mnt/scratch/micall12/training_files/NuMu_140000_000006_level2_sim3.zst_precleaning_lt200_NOvertex_IC19.hdf5
[   0.    0.    0.    0.    0.    0.    0. 1276. 1378. 1523. 1572. 1573.
 1655. 1577. 1790. 1752. 1807. 1730. 1875. 1923. 1926. 1971. 1932. 2022.
 1948. 2026. 2016. 1989. 1996. 2168. 2104. 2108. 2044. 2020. 2133. 2078.
 2169. 2116. 2170. 2146. 2192. 2094. 2190. 2177. 2181. 1250. 1206. 1181.
 1146. 1217. 1210. 1242. 1272. 1163. 1200. 1112. 1222. 1225. 1233. 1152.
 1229. 1233. 1271. 1183. 1152. 1195. 1240. 1158. 1233. 1159. 1205. 1234.
 1199. 1230. 1217. 1181. 1193. 1210. 1212. 1174. 1201. 1219. 1261. 1244.
 1196. 1184. 1200. 1229. 1221. 1222. 1216. 1224. 1246. 1233. 1202.  261.
  251.  260.  255.  271.  259.  265.  289.  272.  254.  268.  256.  284.
  293.  249.  266.  282.  282.  255.  281.  258.  286.  273.  271.  244.
  282.  266.  267.  259.  282.  265.  285.  286.  267.  279.  282.  241.
  274.  275.  255.  282.  278.  255.  238.  252.  246.  284.  269.  263.
  272.]
Total events this file: 93408
Total events saved: 160690, Saved this file: 13517, Finsihed file: /mnt/scratch/micall12/training_files/NuMu_140000_000007_level2_sim3.zst_precleaning_lt200_NOvertex_IC19.hdf5
[   0.    0.    0.    0.    0.    0.    0. 1469. 1588. 1715. 1806. 1799.
 1889. 1836. 2048. 2022. 2062. 2008. 2162. 2195. 2170. 2285. 2202. 2306.
 2236. 2317. 2290. 2273. 2292. 2435. 2416. 2412. 2327. 2350. 2429. 2384.
 2468. 2431. 2465. 2437. 2519. 2394. 2512. 2486. 2485. 1250. 1206. 1181.
 1146. 1217. 1210. 1242. 1272. 1163. 1200. 1112. 1222. 1225. 1233. 1152.
 1229. 1233. 1271. 1183. 1152. 1195. 1240. 1158. 1233. 1159. 1205. 1234.
 1199. 1230. 1217. 1181. 1193. 1210. 1212. 1174. 1201. 1219. 1261. 1244.
 1196. 1184. 1200. 1229. 1221. 1222. 1216. 1224. 1246. 1233. 1202.  309.
  314.  320.  312.  324.  312.  333.  350.  329.  314.  315.  320.  339.
  365.  317.  330.  338.  340.  323.  342.  327.  342.  326.  342.  288.
  329.  332.  322.  319.  349.  334.  336.  345.  327.  353.  329.  294.
  330.  333.  319.  319.  331.  312.  294.  318.  303.  340.  326.  324.
  344.]
Total events this file: 92931
Total events saved: 174189, Saved this file: 13499, Finsihed file: /mnt/scratch/micall12/training_files/NuMu_140000_000008_level2_sim3.zst_precleaning_lt200_NOvertex_IC19.hdf5
[   0.    0.    0.    0.    0.    0.    0. 1637. 1786. 1935. 2010. 1996.
 2151. 2103. 2292. 2276. 2314. 2282. 2457. 2458. 2415. 2570. 2500. 2578.
 2520. 2598. 2608. 2576. 2587. 2750. 2716. 2712. 2592. 2651. 2749. 2673.
 2755. 2719. 2771. 2716. 2817. 2721. 2849. 2831. 2777. 1250. 1206. 1181.
 1146. 1217. 1210. 1242. 1272. 1163. 1200. 1112. 1222. 1225. 1233. 1152.
 1229. 1233. 1271. 1183. 1152. 1195. 1240. 1158. 1233. 1159. 1205. 1234.
 1199. 1230. 1217. 1181. 1193. 1210. 1212. 1174. 1201. 1219. 1261. 1244.
 1196. 1184. 1200. 1229. 1221. 1222. 1216. 1224. 1246. 1233. 1202.  365.
  376.  375.  364.  386.  384.  394.  416.  393.  383.  383.  375.  394.
  419.  379.  387.  404.  401.  388.  402.  379.  418.  372.  398.  343.
  388.  406.  377.  380.  404.  389.  388.  388.  381.  397.  410.  341.
  388.  393.  377.  375.  391.  368.  353.  373.  366.  414.  385.  381.
  413.]
Total events this file: 89122
Total events saved: 187017, Saved this file: 12828, Finsihed file: /mnt/scratch/micall12/training_files/NuMu_140000_000009_level2_sim3.zst_precleaning_lt200_NOvertex_IC19.hdf5
[   0.    0.    0.    0.    0.    0.    0. 1815. 1971. 2127. 2233. 2203.
 2384. 2357. 2562. 2543. 2565. 2561. 2715. 2754. 2658. 2866. 2783. 2872.
 2784. 2875. 2875. 2859. 2884. 3040. 2998. 3005. 2865. 2942. 3005. 2979.
 3048. 3014. 3040. 3025. 3112. 3007. 3179. 3110. 3086. 1250. 1206. 1181.
 1146. 1217. 1210. 1242. 1272. 1163. 1200. 1112. 1222. 1225. 1233. 1152.
 1229. 1233. 1271. 1183. 1152. 1195. 1240. 1158. 1233. 1159. 1205. 1234.
 1199. 1230. 1217. 1181. 1193. 1210. 1212. 1174. 1201. 1219. 1261. 1244.
 1196. 1184. 1200. 1229. 1221. 1222. 1216. 1224. 1246. 1233. 1202.  424.
  423.  435.  410.  450.  437.  450.  459.  443.  422.  429.  423.  437.
  470.  436.  445.  455.  458.  425.  453.  433.  472.  421.  455.  399.
  427.  468.  427.  428.  450.  434.  451.  432.  431.  450.  463.  400.
  433.  445.  416.  426.  449.  441.  404.  440.  411.  465.  439.  424.
  461.]
Total events this file: 64102
Total events saved: 200474, Saved this file: 13457, Finsihed file: /mnt/scratch/micall12/training_files/NuMu_140000_000010_level2_sim3.zst_precleaning_lt200_NOvertex_IC19.hdf5
[   0.    0.    0.    0.    0.    0.    0. 2005. 2172. 2319. 2447. 2414.
 2628. 2610. 2812. 2784. 2837. 2831. 2961. 3004. 2913. 3134. 3088. 3149.
 3067. 3174. 3175. 3164. 3188. 3332. 3304. 3278. 3156. 3260. 3280. 3284.
 3346. 3336. 3348. 3306. 3450. 3321. 3496. 3424. 3404. 1250. 1206. 1181.
 1146. 1217. 1210. 1242. 1272. 1163. 1200. 1112. 1222. 1225. 1233. 1152.
 1229. 1233. 1271. 1183. 1152. 1195. 1240. 1158. 1233. 1159. 1205. 1234.
 1199. 1230. 1217. 1181. 1193. 1210. 1212. 1174. 1201. 1219. 1261. 1244.
 1196. 1184. 1200. 1229. 1221. 1222. 1216. 1224. 1246. 1233. 1202.  483.
  486.  487.  470.  519.  493.  518.  526.  499.  480.  493.  501.  490.
  532.  502.  509.  510.  518.  482.  507.  495.  547.  476.  540.  466.
  497.  517.  484.  474.  516.  490.  496.  501.  500.  492.  511.  459.
  491.  502.  459.  467.  510.  488.  464.  504.  479.  521.  500.  475.
  510.]
Total events this file: 118202
Total events saved: 223573, Saved this file: 23099, Finsihed file: /mnt/scratch/micall12/training_files/NuMu_140000_000011_level2_sim3.zst_precleaning_lt200_NOvertex_IC19.hdf5
[   0.    0.    0.    0.    0.    0.    0. 2196. 2385. 2522. 2670. 2651.
 2869. 2850. 3048. 3021. 3073. 3063. 3204. 3266. 3171. 3431. 3364. 3435.
 3337. 3448. 3462. 3448. 3483. 3636. 3587. 3588. 3458. 3570. 3580. 3591.
 3675. 3625. 3658. 3607. 3738. 3616. 3818. 3730. 3691. 1476. 1453. 1426.
 1360. 1444. 1448. 1467. 1531. 1395. 1449. 1326. 1482. 1454. 1488. 1389.
 1469. 1441. 1548. 1427. 1408. 1436. 1468. 1393. 1476. 1381. 1448. 1474.
 1435. 1488. 1467. 1426. 1420. 1427. 1440. 1418. 1461. 1461. 1488. 1476.
 1444. 1448. 1434. 1467. 1506. 1462. 1469. 1491. 1471. 1473. 1471.  496.
  496.  500.  487.  532.  505.  530.  535.  510.  495.  506.  520.  501.
  547.  520.  524.  523.  529.  493.  520.  508.  564.  496.  563.  476.
  512.  524.  491.  491.  525.  505.  509.  516.  516.  503.  516.  472.
  508.  523.  469.  485.  524.  497.  477.  509.  488.  536.  518.  491.
  527.]
Total events this file: 122418
Total events saved: 247678, Saved this file: 24105, Finsihed file: /mnt/scratch/micall12/training_files/NuMu_140000_000012_level2_sim3.zst_precleaning_lt200_NOvertex_IC19.hdf5
[   0.    0.    0.    0.    0.    0.    0. 2397. 2587. 2743. 2898. 2892.
 3082. 3089. 3311. 3252. 3325. 3339. 3455. 3526. 3443. 3699. 3650. 3733.
 3661. 3732. 3753. 3736. 3790. 3907. 3878. 3867. 3758. 3870. 3870. 3879.
 3995. 3927. 3984. 3919. 4054. 3919. 4142. 4016. 4014. 1715. 1677. 1668.
 1596. 1664. 1709. 1690. 1771. 1638. 1689. 1561. 1738. 1716. 1757. 1638.
 1731. 1660. 1812. 1650. 1678. 1697. 1707. 1626. 1736. 1613. 1713. 1729.
 1674. 1723. 1744. 1644. 1659. 1691. 1699. 1634. 1706. 1707. 1746. 1720.
 1687. 1732. 1695. 1730. 1745. 1693. 1714. 1734. 1704. 1725. 1710.  523.
  521.  515.  515.  558.  534.  559.  571.  529.  520.  537.  550.  529.
  579.  553.  556.  553.  549.  518.  547.  530.  592.  525.  585.  501.
  538.  546.  519.  519.  547.  525.  529.  545.  538.  528.  538.  490.
  533.  550.  492.  506.  547.  516.  506.  543.  502.  566.  549.  525.
  545.]
Total events this file: 60917
Total events saved: 260761, Saved this file: 13083, Finsihed file: /mnt/scratch/micall12/training_files/NuMu_140000_000013_level2_sim3.zst_precleaning_lt200_NOvertex_IC19.hdf5
[   0.    0.    0.    0.    0.    0.    0. 2605. 2780. 2926. 3109. 3124.
 3313. 3337. 3575. 3494. 3575. 3632. 3698. 3814. 3728. 3966. 3913. 4000.
 3952. 4052. 4034. 4050. 4097. 4218. 4180. 4130. 4034. 4173. 4165. 4171.
 4309. 4227. 4271. 4218. 4360. 4244. 4481. 4311. 4322. 1715. 1677. 1668.
 1596. 1664. 1709. 1690. 1771. 1638. 1689. 1561. 1738. 1716. 1757. 1638.
 1731. 1660. 1812. 1650. 1678. 1697. 1707. 1626. 1736. 1613. 1713. 1729.
 1674. 1723. 1744. 1644. 1659. 1691. 1699. 1634. 1706. 1707. 1746. 1720.
 1687. 1732. 1695. 1730. 1745. 1693. 1714. 1734. 1704. 1725. 1710.  583.
  593.  561.  571.  609.  586.  610.  627.  582.  576.  584.  598.  576.
  634.  600.  616.  608.  599.  567.  599.  590.  640.  576.  630.  552.
  581.  585.  576.  577.  598.  582.  585.  598.  591.  580.  594.  546.
  588.  597.  545.  556.  594.  581.  552.  593.  548.  619.  584.  574.
  587.]
Total events this file: 64105
Total events saved: 274147, Saved this file: 13386, Finsihed file: /mnt/scratch/micall12/training_files/NuMu_140000_000014_level2_sim3.zst_precleaning_lt200_NOvertex_IC19.hdf5
[   0.    0.    0.    0.    0.    0.    0. 2812. 3004. 3141. 3322. 3345.
 3541. 3575. 3795. 3745. 3812. 3884. 3962. 4103. 3975. 4289. 4184. 4279.
 4245. 4356. 4316. 4333. 4392. 4490. 4476. 4415. 4313. 4455. 4457. 4463.
 4635. 4517. 4560. 4546. 4652. 4540. 4799. 4607. 4639. 1715. 1677. 1668.
 1596. 1664. 1709. 1690. 1771. 1638. 1689. 1561. 1738. 1716. 1757. 1638.
 1731. 1660. 1812. 1650. 1678. 1697. 1707. 1626. 1736. 1613. 1713. 1729.
 1674. 1723. 1744. 1644. 1659. 1691. 1699. 1634. 1706. 1707. 1746. 1720.
 1687. 1732. 1695. 1730. 1745. 1693. 1714. 1734. 1704. 1725. 1710.  640.
  651.  633.  622.  666.  644.  674.  700.  643.  628.  639.  665.  630.
  689.  654.  685.  670.  659.  621.  666.  651.  705.  627.  696.  615.
  646.  642.  638.  638.  651.  652.  638.  657.  638.  638.  656.  592.
  644.  649.  612.  606.  658.  636.  615.  663.  614.  687.  645.  632.
  658.]
Total events this file: 63979
Total events saved: 287548, Saved this file: 13401, Finsihed file: /mnt/scratch/micall12/training_files/NuMu_140000_000015_level2_sim3.zst_precleaning_lt200_NOvertex_IC19.hdf5
[   0.    0.    0.    0.    0.    0.    0. 3000. 3230. 3369. 3549. 3550.
 3803. 3798. 4026. 3964. 4056. 4143. 4218. 4365. 4250. 4554. 4456. 4575.
 4518. 4642. 4614. 4614. 4674. 4780. 4761. 4717. 4616. 4773. 4771. 4766.
 4975. 4794. 4879. 4879. 4947. 4836. 5082. 4921. 4920. 1715. 1677. 1668.
 1596. 1664. 1709. 1690. 1771. 1638. 1689. 1561. 1738. 1716. 1757. 1638.
 1731. 1660. 1812. 1650. 1678. 1697. 1707. 1626. 1736. 1613. 1713. 1729.
 1674. 1723. 1744. 1644. 1659. 1691. 1699. 1634. 1706. 1707. 1746. 1720.
 1687. 1732. 1695. 1730. 1745. 1693. 1714. 1734. 1704. 1725. 1710.  710.
  701.  695.  670.  727.  708.  726.  765.  705.  677.  704.  730.  695.
  757.  707.  754.  726.  726.  681.  730.  695.  770.  679.  748.  685.
  705.  706.  697.  695.  710.  717.  698.  724.  701.  695.  711.  643.
  701.  715.  661.  674.  718.  690.  665.  718.  664.  759.  699.  717.
  714.]
Total events this file: 153265
Total events saved: 312740, Saved this file: 25192, Finsihed file: /mnt/scratch/micall12/training_files/NuMu_140000_000016_level2_sim3.zst_precleaning_lt200_NOvertex_IC19.hdf5
[   0.    0.    0.    0.    0.    0.    0. 3188. 3425. 3599. 3769. 3762.
 4030. 4037. 4285. 4240. 4300. 4403. 4485. 4605. 4560. 4834. 4752. 4873.
 4832. 4936. 4887. 4887. 4986. 5059. 5078. 5017. 4927. 5086. 5075. 5053.
 5306. 5095. 5180. 5193. 5248. 5158. 5387. 5216. 5238. 1949. 1923. 1924.
 1850. 1904. 1944. 1936. 1988. 1861. 1932. 1796. 2001. 1972. 1978. 1850.
 1964. 1866. 2071. 1885. 1927. 1952. 1947. 1854. 1982. 1869. 1946. 1981.
 1909. 1974. 1997. 1892. 1907. 1940. 1947. 1872. 1958. 1961. 2006. 1946.
 1923. 2008. 1932. 1985. 1999. 1962. 1948. 1982. 1944. 1950. 1952.  763.
  749.  738.  717.  771.  755.  774.  800.  756.  723.  744.  775.  749.
  803.  765.  796.  774.  785.  726.  785.  732.  817.  731.  797.  738.
  754.  746.  752.  739.  774.  761.  750.  780.  755.  754.  763.  693.
  748.  764.  711.  711.  765.  753.  711.  751.  728.  807.  750.  758.
  762.]
Total events this file: 59101
Total events saved: 325690, Saved this file: 12950, Finsihed file: /mnt/scratch/micall12/training_files/NuMu_140000_000017_level2_sim3.zst_precleaning_lt200_NOvertex_IC19.hdf5
[   0.    0.    0.    0.    0.    0.    0. 3358. 3625. 3826. 3997. 3986.
 4262. 4312. 4559. 4483. 4547. 4638. 4770. 4865. 4861. 5093. 5016. 5142.
 5103. 5217. 5163. 5202. 5298. 5376. 5341. 5322. 5214. 5398. 5352. 5346.
 5585. 5431. 5487. 5516. 5569. 5475. 5705. 5511. 5542. 1949. 1923. 1924.
 1850. 1904. 1944. 1936. 1988. 1861. 1932. 1796. 2001. 1972. 1978. 1850.
 1964. 1866. 2071. 1885. 1927. 1952. 1947. 1854. 1982. 1869. 1946. 1981.
 1909. 1974. 1997. 1892. 1907. 1940. 1947. 1872. 1958. 1961. 2006. 1946.
 1923. 2008. 1932. 1985. 1999. 1962. 1948. 1982. 1944. 1950. 1952.  815.
  795.  788.  755.  824.  794.  831.  847.  802.  774.  784.  828.  797.
  851.  812.  850.  819.  836.  762.  846.  787.  867.  782.  854.  781.
  805.  799.  794.  788.  822.  823.  791.  836.  799.  810.  804.  738.
  806.  808.  756.  770.  812.  798.  753.  799.  783.  859.  811.  807.
  799.]
Total events this file: 137062
Total events saved: 351297, Saved this file: 25607, Finsihed file: /mnt/scratch/micall12/training_files/NuMu_140000_000018_level2_sim3.zst_precleaning_lt200_NOvertex_IC19.hdf5
[   0.    0.    0.    0.    0.    0.    0. 3541. 3825. 4050. 4236. 4190.
 4460. 4538. 4799. 4726. 4833. 4886. 5053. 5157. 5110. 5350. 5298. 5417.
 5403. 5493. 5457. 5527. 5601. 5666. 5649. 5616. 5520. 5688. 5655. 5631.
 5870. 5744. 5797. 5815. 5893. 5799. 6040. 5803. 5865. 2194. 2182. 2146.
 2059. 2130. 2180. 2166. 2247. 2105. 2207. 2012. 2239. 2190. 2199. 2098.
 2206. 2095. 2304. 2136. 2179. 2204. 2177. 2067. 2245. 2110. 2225. 2222.
 2163. 2207. 2233. 2132. 2136. 2212. 2180. 2116. 2197. 2209. 2273. 2188.
 2169. 2260. 2139. 2249. 2249. 2207. 2194. 2222. 2168. 2219. 2175.  879.
  855.  851.  829.  887.  851.  892.  912.  848.  821.  855.  883.  867.
  905.  868.  906.  870.  901.  819.  918.  853.  924.  832.  919.  852.
  870.  863.  857.  840.  887.  888.  851.  903.  870.  855.  868.  817.
  855.  873.  816.  829.  865.  848.  810.  861.  832.  920.  874.  869.
  857.]
Total events this file: 64301
Total events saved: 364626, Saved this file: 13329, Finsihed file: /mnt/scratch/micall12/training_files/NuMu_140000_000019_level2_sim3.zst_precleaning_lt200_NOvertex_IC19.hdf5
[   0.    0.    0.    0.    0.    0.    0. 3709. 4018. 4267. 4459. 4435.
 4679. 4777. 5042. 4969. 5104. 5157. 5311. 5431. 5377. 5637. 5562. 5709.
 5687. 5799. 5742. 5821. 5886. 5928. 5954. 5935. 5834. 5994. 5924. 5912.
 6143. 6049. 6107. 6132. 6195. 6084. 6345. 6088. 6195. 2194. 2182. 2146.
 2059. 2130. 2180. 2166. 2247. 2105. 2207. 2012. 2239. 2190. 2199. 2098.
 2206. 2095. 2304. 2136. 2179. 2204. 2177. 2067. 2245. 2110. 2225. 2222.
 2163. 2207. 2233. 2132. 2136. 2212. 2180. 2116. 2197. 2209. 2273. 2188.
 2169. 2260. 2139. 2249. 2249. 2207. 2194. 2222. 2168. 2219. 2175.  938.
  906.  910.  875.  948.  907.  946.  965.  892.  887.  915.  951.  925.
  963.  933.  947.  926.  973.  879.  975.  921.  995.  877.  975.  914.
  943.  918.  929.  901.  948.  947.  912.  959.  930.  916.  925.  865.
  905.  923.  886.  882.  924.  895.  868.  916.  904.  981.  930.  941.
  917.]
Total events this file: 64583
Total events saved: 377886, Saved this file: 13260, Finsihed file: /mnt/scratch/micall12/training_files/NuMu_140000_000020_level2_sim3.zst_precleaning_lt200_NOvertex_IC19.hdf5
[   0.    0.    0.    0.    0.    0.    0. 3875. 4225. 4462. 4682. 4665.
 4909. 5017. 5289. 5205. 5358. 5417. 5570. 5729. 5637. 5903. 5849. 6001.
 5947. 6060. 6042. 6121. 6168. 6244. 6235. 6240. 6134. 6299. 6206. 6181.
 6431. 6336. 6428. 6427. 6488. 6397. 6641. 6363. 6476. 2194. 2182. 2146.
 2059. 2130. 2180. 2166. 2247. 2105. 2207. 2012. 2239. 2190. 2199. 2098.
 2206. 2095. 2304. 2136. 2179. 2204. 2177. 2067. 2245. 2110. 2225. 2222.
 2163. 2207. 2233. 2132. 2136. 2212. 2180. 2116. 2197. 2209. 2273. 2188.
 2169. 2260. 2139. 2249. 2249. 2207. 2194. 2222. 2168. 2219. 2175.  995.
  959.  974.  922. 1000.  969. 1006. 1039.  948.  954.  988. 1008.  969.
 1023.  984. 1012.  985. 1031.  929. 1030.  983. 1057.  933. 1027.  970.
 1023.  986.  992.  975. 1007. 1012.  964. 1009.  995.  984.  990.  919.
  967.  980.  947.  941.  970.  954.  923.  996.  958. 1060.  996. 1005.
  960.]
Total events this file: 64210
Total events saved: 391339, Saved this file: 13453, Finsihed file: /mnt/scratch/micall12/training_files/NuMu_140000_000021_level2_sim3.zst_precleaning_lt200_NOvertex_IC19.hdf5
[   0.    0.    0.    0.    0.    0.    0. 4049. 4433. 4710. 4902. 4881.
 5129. 5271. 5536. 5451. 5626. 5699. 5864. 6013. 5929. 6167. 6130. 6269.
 6213. 6318. 6322. 6425. 6458. 6559. 6497. 6542. 6422. 6618. 6518. 6520.
 6725. 6654. 6710. 6729. 6818. 6705. 6940. 6664. 6789. 2194. 2182. 2146.
 2059. 2130. 2180. 2166. 2247. 2105. 2207. 2012. 2239. 2190. 2199. 2098.
 2206. 2095. 2304. 2136. 2179. 2204. 2177. 2067. 2245. 2110. 2225. 2222.
 2163. 2207. 2233. 2132. 2136. 2212. 2180. 2116. 2197. 2209. 2273. 2188.
 2169. 2260. 2139. 2249. 2249. 2207. 2194. 2222. 2168. 2219. 2175. 1056.
 1011. 1031.  977. 1052. 1027. 1058. 1096. 1013. 1007. 1042. 1067. 1023.
 1081. 1045. 1078. 1045. 1077.  984. 1112. 1041. 1122.  997. 1087. 1027.
 1073. 1039. 1048. 1034. 1064. 1071. 1025. 1070. 1042. 1036. 1058.  982.
 1032. 1046.  992. 1011. 1029. 1001.  976. 1051. 1010. 1115. 1071. 1063.
 1018.]
Total events this file: 63941
Total events saved: 404652, Saved this file: 13313, Finsihed file: /mnt/scratch/micall12/training_files/NuMu_140000_000022_level2_sim3.zst_precleaning_lt200_NOvertex_IC19.hdf5
[   0.    0.    0.    0.    0.    0.    0. 4213. 4632. 4920. 5105. 5108.
 5382. 5514. 5775. 5714. 5869. 5974. 6101. 6255. 6207. 6449. 6401. 6572.
 6470. 6582. 6605. 6701. 6722. 6871. 6782. 6802. 6741. 6935. 6824. 6824.
 7024. 6960. 7036. 7019. 7098. 7044. 7257. 6942. 7138. 2194. 2182. 2146.
 2059. 2130. 2180. 2166. 2247. 2105. 2207. 2012. 2239. 2190. 2199. 2098.
 2206. 2095. 2304. 2136. 2179. 2204. 2177. 2067. 2245. 2110. 2225. 2222.
 2163. 2207. 2233. 2132. 2136. 2212. 2180. 2116. 2197. 2209. 2273. 2188.
 2169. 2260. 2139. 2249. 2249. 2207. 2194. 2222. 2168. 2219. 2175. 1118.
 1069. 1093. 1035. 1122. 1089. 1119. 1155. 1065. 1077. 1094. 1130. 1067.
 1142. 1101. 1147. 1088. 1149. 1043. 1162. 1096. 1185. 1056. 1143. 1081.
 1129. 1096. 1095. 1104. 1120. 1142. 1095. 1120. 1103. 1096. 1111. 1045.
 1098. 1113. 1039. 1056. 1096. 1073. 1043. 1125. 1071. 1165. 1124. 1120.
 1058.]
Total events this file: 137668
Total events saved: 429988, Saved this file: 25336, Finsihed file: /mnt/scratch/micall12/training_files/NuMu_140000_000023_level2_sim3.zst_precleaning_lt200_NOvertex_IC19.hdf5
[   0.    0.    0.    0.    0.    0.    0. 4419. 4828. 5118. 5320. 5336.
 5647. 5708. 6003. 5964. 6142. 6218. 6359. 6537. 6473. 6735. 6694. 6842.
 6721. 6869. 6895. 6971. 7032. 7167. 7092. 7109. 7006. 7257. 7109. 7144.
 7330. 7242. 7329. 7305. 7397. 7333. 7561. 7233. 7429. 2436. 2420. 2367.
 2287. 2369. 2439. 2404. 2477. 2356. 2469. 2263. 2464. 2433. 2418. 2327.
 2429. 2352. 2557. 2396. 2422. 2452. 2406. 2325. 2492. 2324. 2452. 2472.
 2379. 2443. 2479. 2372. 2386. 2453. 2402. 2372. 2443. 2470. 2533. 2442.
 2397. 2498. 2392. 2474. 2500. 2453. 2434. 2494. 2388. 2470. 2392. 1175.
 1134. 1151. 1097. 1182. 1151. 1174. 1213. 1117. 1128. 1151. 1191. 1123.
 1208. 1165. 1203. 1148. 1213. 1110. 1214. 1167. 1241. 1110. 1195. 1136.
 1186. 1165. 1154. 1162. 1199. 1200. 1168. 1182. 1152. 1152. 1180. 1113.
 1165. 1156. 1101. 1119. 1154. 1154. 1096. 1177. 1126. 1223. 1186. 1170.
 1103.]
Total events this file: 64213
Total events saved: 443471, Saved this file: 13483, Finsihed file: /mnt/scratch/micall12/training_files/NuMu_140000_000024_level2_sim3.zst_precleaning_lt200_NOvertex_IC19.hdf5
[   0.    0.    0.    0.    0.    0.    0. 4613. 5027. 5333. 5499. 5560.
 5883. 5946. 6260. 6200. 6411. 6481. 6599. 6803. 6739. 7021. 6992. 7118.
 6989. 7138. 7181. 7271. 7347. 7490. 7412. 7413. 7306. 7560. 7432. 7433.
 7654. 7520. 7650. 7616. 7707. 7645. 7852. 7532. 7744. 2436. 2420. 2367.
 2287. 2369. 2439. 2404. 2477. 2356. 2469. 2263. 2464. 2433. 2418. 2327.
 2429. 2352. 2557. 2396. 2422. 2452. 2406. 2325. 2492. 2324. 2452. 2472.
 2379. 2443. 2479. 2372. 2386. 2453. 2402. 2372. 2443. 2470. 2533. 2442.
 2397. 2498. 2392. 2474. 2500. 2453. 2434. 2494. 2388. 2470. 2392. 1231.
 1195. 1209. 1144. 1232. 1218. 1233. 1275. 1174. 1178. 1217. 1262. 1182.
 1267. 1228. 1263. 1199. 1263. 1166. 1266. 1238. 1302. 1172. 1255. 1191.
 1241. 1232. 1215. 1225. 1259. 1273. 1220. 1247. 1199. 1228. 1257. 1169.
 1222. 1220. 1161. 1170. 1212. 1222. 1156. 1244. 1184. 1275. 1244. 1235.
 1150.]
Total events this file: 63609
Total events saved: 456857, Saved this file: 13386, Finsihed file: /mnt/scratch/micall12/training_files/NuMu_140000_000025_level2_sim3.zst_precleaning_lt200_NOvertex_IC19.hdf5
[   0.    0.    0.    0.    0.    0.    0. 4764. 5246. 5555. 5725. 5806.
 6094. 6198. 6529. 6436. 6662. 6733. 6836. 7089. 7013. 7271. 7277. 7417.
 7249. 7417. 7512. 7570. 7675. 7756. 7722. 7695. 7611. 7857. 7713. 7712.
 7966. 7831. 7977. 7911. 7971. 7953. 8178. 7840. 8043. 2436. 2420. 2367.
 2287. 2369. 2439. 2404. 2477. 2356. 2469. 2263. 2464. 2433. 2418. 2327.
 2429. 2352. 2557. 2396. 2422. 2452. 2406. 2325. 2492. 2324. 2452. 2472.
 2379. 2443. 2479. 2372. 2386. 2453. 2402. 2372. 2443. 2470. 2533. 2442.
 2397. 2498. 2392. 2474. 2500. 2453. 2434. 2494. 2388. 2470. 2392. 1276.
 1263. 1277. 1193. 1289. 1274. 1292. 1332. 1232. 1232. 1282. 1318. 1239.
 1342. 1298. 1325. 1249. 1325. 1230. 1321. 1284. 1357. 1228. 1326. 1249.
 1290. 1296. 1269. 1294. 1327. 1335. 1268. 1303. 1255. 1298. 1312. 1236.
 1280. 1274. 1213. 1243. 1268. 1285. 1209. 1307. 1246. 1322. 1297. 1294.
 1219.]
Total events this file: 63942
Total events saved: 470175, Saved this file: 13318, Finsihed file: /mnt/scratch/micall12/training_files/NuMu_140000_000026_level2_sim3.zst_precleaning_lt200_NOvertex_IC19.hdf5
[   0.    0.    0.    0.    0.    0.    0. 4949. 5438. 5758. 5958. 6049.
 6345. 6426. 6766. 6699. 6934. 6976. 7101. 7345. 7276. 7548. 7578. 7693.
 7547. 7678. 7815. 7862. 7943. 8015. 8041. 7994. 7908. 8153. 8022. 7995.
 8270. 8144. 8262. 8229. 8253. 8280. 8469. 8165. 8322. 2436. 2420. 2367.
 2287. 2369. 2439. 2404. 2477. 2356. 2469. 2263. 2464. 2433. 2418. 2327.
 2429. 2352. 2557. 2396. 2422. 2452. 2406. 2325. 2492. 2324. 2452. 2472.
 2379. 2443. 2479. 2372. 2386. 2453. 2402. 2372. 2443. 2470. 2533. 2442.
 2397. 2498. 2392. 2474. 2500. 2453. 2434. 2494. 2388. 2470. 2392. 1329.
 1327. 1337. 1247. 1339. 1329. 1353. 1393. 1301. 1289. 1343. 1386. 1306.
 1400. 1351. 1369. 1311. 1387. 1281. 1374. 1349. 1419. 1310. 1375. 1303.
 1350. 1358. 1324. 1350. 1380. 1394. 1322. 1356. 1322. 1356. 1371. 1286.
 1338. 1329. 1268. 1294. 1329. 1349. 1276. 1368. 1299. 1381. 1352. 1365.
 1270.]
Total events this file: 64452
Total events saved: 483639, Saved this file: 13464, Finsihed file: /mnt/scratch/micall12/training_files/NuMu_140000_000027_level2_sim3.zst_precleaning_lt200_NOvertex_IC19.hdf5
[   0.    0.    0.    0.    0.    0.    0. 5134. 5649. 5947. 6193. 6255.
 6582. 6666. 7026. 6930. 7179. 7253. 7339. 7631. 7554. 7817. 7869. 7998.
 7830. 7947. 8114. 8125. 8261. 8270. 8377. 8259. 8231. 8445. 8322. 8275.
 8556. 8425. 8578. 8532. 8550. 8575. 8761. 8508. 8637. 2436. 2420. 2367.
 2287. 2369. 2439. 2404. 2477. 2356. 2469. 2263. 2464. 2433. 2418. 2327.
 2429. 2352. 2557. 2396. 2422. 2452. 2406. 2325. 2492. 2324. 2452. 2472.
 2379. 2443. 2479. 2372. 2386. 2453. 2402. 2372. 2443. 2470. 2533. 2442.
 2397. 2498. 2392. 2474. 2500. 2453. 2434. 2494. 2388. 2470. 2392. 1389.
 1382. 1389. 1316. 1411. 1387. 1406. 1456. 1359. 1341. 1402. 1454. 1364.
 1457. 1417. 1439. 1377. 1448. 1355. 1434. 1422. 1473. 1366. 1434. 1364.
 1416. 1411. 1388. 1427. 1436. 1465. 1394. 1416. 1379. 1404. 1430. 1342.
 1415. 1392. 1325. 1342. 1399. 1408. 1340. 1416. 1356. 1443. 1410. 1430.
 1339.]
Total events this file: 137175
Total events saved: 509141, Saved this file: 25502, Finsihed file: /mnt/scratch/micall12/training_files/NuMu_140000_000028_level2_sim3.zst_precleaning_lt200_NOvertex_IC19.hdf5
[   0.    0.    0.    0.    0.    0.    0. 5334. 5837. 6138. 6436. 6473.
 6839. 6926. 7278. 7179. 7436. 7510. 7604. 7918. 7836. 8093. 8171. 8278.
 8114. 8237. 8386. 8386. 8532. 8573. 8672. 8547. 8541. 8733. 8637. 8586.
 8842. 8772. 8888. 8850. 8827. 8858. 9094. 8836. 8912. 2681. 2652. 2562.
 2522. 2617. 2668. 2656. 2719. 2610. 2688. 2495. 2710. 2684. 2628. 2562.
 2658. 2615. 2825. 2654. 2656. 2709. 2644. 2569. 2755. 2591. 2693. 2685.
 2622. 2662. 2741. 2600. 2610. 2686. 2646. 2619. 2644. 2710. 2776. 2713.
 2631. 2747. 2625. 2716. 2748. 2702. 2665. 2764. 2650. 2728. 2622. 1445.
 1463. 1470. 1376. 1469. 1441. 1456. 1515. 1417. 1397. 1450. 1509. 1429.
 1525. 1478. 1499. 1440. 1498. 1408. 1486. 1481. 1523. 1418. 1502. 1428.
 1476. 1462. 1451. 1482. 1500. 1523. 1454. 1470. 1429. 1452. 1496. 1394.
 1477. 1458. 1371. 1401. 1453. 1466. 1406. 1479. 1430. 1497. 1467. 1495.
 1385.]
Total events this file: 137775
Total events saved: 534480, Saved this file: 25339, Finsihed file: /mnt/scratch/micall12/training_files/NuMu_140000_000029_level2_sim3.zst_precleaning_lt200_NOvertex_IC19.hdf5
[   0.    0.    0.    0.    0.    0.    0. 5508. 6013. 6342. 6660. 6698.
 7075. 7153. 7512. 7418. 7697. 7766. 7857. 8187. 8094. 8344. 8478. 8566.
 8397. 8524. 8661. 8670. 8798. 8880. 8979. 8856. 8837. 9019. 8934. 8847.
 9130. 9062. 9217. 9147. 9133. 9171. 9393. 9167. 9211. 2894. 2900. 2773.
 2769. 2835. 2894. 2876. 2987. 2848. 2913. 2734. 2960. 2930. 2868. 2815.
 2927. 2859. 3052. 2876. 2900. 2972. 2886. 2794. 3007. 2821. 2914. 2937.
 2861. 2892. 2997. 2833. 2861. 2931. 2861. 2880. 2883. 2960. 3037. 2948.
 2870. 2991. 2890. 2955. 3015. 2969. 2889. 3008. 2888. 2956. 2881. 1503.
 1521. 1535. 1433. 1542. 1493. 1514. 1574. 1477. 1462. 1513. 1561. 1482.
 1581. 1539. 1549. 1486. 1567. 1464. 1545. 1526. 1563. 1486. 1558. 1489.
 1547. 1522. 1509. 1536. 1569. 1583. 1507. 1538. 1505. 1514. 1536. 1451.
 1536. 1520. 1433. 1478. 1507. 1527. 1467. 1542. 1495. 1572. 1524. 1556.
 1445.]
Total events this file: 63957
Total events saved: 547836, Saved this file: 13356, Finsihed file: /mnt/scratch/micall12/training_files/NuMu_140000_000030_level2_sim3.zst_precleaning_lt200_NOvertex_IC19.hdf5
[   0.    0.    0.    0.    0.    0.    0. 5675. 6217. 6537. 6849. 6936.
 7326. 7392. 7719. 7678. 7979. 8025. 8134. 8458. 8361. 8592. 8771. 8895.
 8686. 8786. 8941. 8962. 9074. 9186. 9282. 9152. 9112. 9316. 9227. 9137.
 9433. 9387. 9513. 9452. 9453. 9442. 9696. 9484. 9515. 2894. 2900. 2773.
 2769. 2835. 2894. 2876. 2987. 2848. 2913. 2734. 2960. 2930. 2868. 2815.
 2927. 2859. 3052. 2876. 2900. 2972. 2886. 2794. 3007. 2821. 2914. 2937.
 2861. 2892. 2997. 2833. 2861. 2931. 2861. 2880. 2883. 2960. 3037. 2948.
 2870. 2991. 2890. 2955. 3015. 2969. 2889. 3008. 2888. 2956. 2881. 1576.
 1574. 1577. 1493. 1606. 1550. 1574. 1625. 1537. 1524. 1570. 1608. 1550.
 1634. 1597. 1615. 1561. 1628. 1511. 1602. 1598. 1622. 1543. 1622. 1558.
 1606. 1570. 1563. 1600. 1631. 1655. 1567. 1595. 1571. 1578. 1600. 1518.
 1599. 1581. 1485. 1557. 1558. 1585. 1515. 1609. 1535. 1624. 1575. 1620.
 1507.]
Total events this file: 137458
Total events saved: 573154, Saved this file: 25318, Finsihed file: /mnt/scratch/micall12/training_files/NuMu_140000_000031_level2_sim3.zst_precleaning_lt200_NOvertex_IC19.hdf5
[   0.    0.    0.    0.    0.    0.    0. 5869. 6396. 6758. 7060. 7144.
 7542. 7640. 7959. 7936. 8207. 8275. 8389. 8694. 8643. 8861. 9052. 9182.
 8955. 9064. 9206. 9263. 9375. 9477. 9570. 9485. 9400. 9631. 9530. 9415.
 9735. 9696. 9823. 9794. 9768. 9733. 9975. 9795. 9828. 3157. 3128. 2998.
 2976. 3072. 3126. 3124. 3203. 3065. 3130. 2975. 3204. 3190. 3083. 3069.
 3217. 3113. 3279. 3115. 3129. 3207. 3121. 3049. 3231. 3076. 3162. 3191.
 3117. 3113. 3246. 3086. 3087. 3164. 3108. 3108. 3135. 3185. 3281. 3210.
 3111. 3264. 3138. 3169. 3253. 3211. 3113. 3239. 3093. 3186. 3145. 1632.
 1642. 1636. 1550. 1660. 1617. 1617. 1696. 1593. 1584. 1629. 1675. 1620.
 1691. 1651. 1662. 1616. 1695. 1569. 1664. 1656. 1672. 1604. 1681. 1619.
 1666. 1641. 1630. 1666. 1691. 1707. 1617. 1663. 1638. 1641. 1662. 1580.
 1665. 1634. 1537. 1618. 1624. 1657. 1571. 1676. 1589. 1688. 1631. 1685.
 1569.]
Total events this file: 137586
Total events saved: 598614, Saved this file: 25460, Finsihed file: /mnt/scratch/micall12/training_files/NuMu_140000_000032_level2_sim3.zst_precleaning_lt200_NOvertex_IC19.hdf5
[    0.     0.     0.     0.     0.     0.     0.  6079.  6601.  6947.
  7271.  7364.  7773.  7883.  8213.  8170.  8463.  8550.  8640.  8953.
  8940.  9127.  9307.  9453.  9229.  9370.  9503.  9527.  9654.  9783.
  9876.  9779.  9682.  9922.  9839.  9715. 10041. 10016. 10134. 10097.
 10096. 10040. 10257. 10079. 10138.  3408.  3348.  3230.  3221.  3328.
  3394.  3358.  3419.  3320.  3356.  3219.  3445.  3425.  3335.  3311.
  3455.  3332.  3532.  3349.  3377.  3465.  3384.  3294.  3456.  3299.
  3399.  3451.  3343.  3349.  3493.  3322.  3352.  3379.  3332.  3356.
  3391.  3426.  3529.  3463.  3356.  3523.  3379.  3411.  3495.  3466.
  3346.  3479.  3327.  3436.  3374.  1684.  1700.  1696.  1609.  1721.
  1674.  1673.  1753.  1648.  1643.  1705.  1719.  1666.  1750.  1698.
  1722.  1674.  1738.  1627.  1737.  1729.  1739.  1669.  1733.  1687.
  1724.  1700.  1694.  1743.  1750.  1756.  1669.  1739.  1697.  1713.
  1725.  1639.  1724.  1689.  1600.  1678.  1683.  1726.  1634.  1730.
  1646.  1742.  1699.  1736.  1636.]
Total events this file: 58993
Total events saved: 611534, Saved this file: 12920, Finsihed file: /mnt/scratch/micall12/training_files/NuMu_140000_000033_level2_sim3.zst_precleaning_lt200_NOvertex_IC19.hdf5
[    0.     0.     0.     0.     0.     0.     0.  6258.  6807.  7159.
  7463.  7592.  8006.  8120.  8464.  8420.  8710.  8795.  8907.  9241.
  9203.  9424.  9586.  9741.  9513.  9674.  9768.  9824.  9936. 10105.
 10192. 10067.  9987. 10223. 10132. 10055. 10356. 10315. 10448. 10412.
 10406. 10320. 10568. 10394. 10472.  3408.  3348.  3230.  3221.  3328.
  3394.  3358.  3419.  3320.  3356.  3219.  3445.  3425.  3335.  3311.
  3455.  3332.  3532.  3349.  3377.  3465.  3384.  3294.  3456.  3299.
  3399.  3451.  3343.  3349.  3493.  3322.  3352.  3379.  3332.  3356.
  3391.  3426.  3529.  3463.  3356.  3523.  3379.  3411.  3495.  3466.
  3346.  3479.  3327.  3436.  3374.  1721.  1747.  1738.  1664.  1757.
  1725.  1708.  1807.  1699.  1704.  1762.  1772.  1714.  1803.  1750.
  1771.  1715.  1781.  1682.  1775.  1784.  1788.  1726.  1772.  1715.
  1766.  1739.  1742.  1793.  1789.  1796.  1715.  1775.  1740.  1768.
  1772.  1679.  1786.  1742.  1646.  1733.  1741.  1770.  1685.  1797.
  1691.  1781.  1750.  1779.  1679.]
Total events this file: 58952
Total events saved: 624352, Saved this file: 12818, Finsihed file: /mnt/scratch/micall12/training_files/NuMu_140000_000034_level2_sim3.zst_precleaning_lt200_NOvertex_IC19.hdf5
[    0.     0.     0.     0.     0.     0.     0.  6468.  7056.  7366.
  7663.  7788.  8240.  8342.  8704.  8682.  8987.  9050.  9160.  9539.
  9479.  9711.  9854. 10039.  9787.  9931. 10097. 10093. 10218. 10384.
 10484. 10352. 10287. 10513. 10461. 10368. 10676. 10640. 10737. 10730.
 10702. 10611. 10868. 10707. 10773.  3408.  3348.  3230.  3221.  3328.
  3394.  3358.  3419.  3320.  3356.  3219.  3445.  3425.  3335.  3311.
  3455.  3332.  3532.  3349.  3377.  3465.  3384.  3294.  3456.  3299.
  3399.  3451.  3343.  3349.  3493.  3322.  3352.  3379.  3332.  3356.
  3391.  3426.  3529.  3463.  3356.  3523.  3379.  3411.  3495.  3466.
  3346.  3479.  3327.  3436.  3374.  1761.  1790.  1774.  1713.  1814.
  1770.  1759.  1865.  1740.  1759.  1807.  1814.  1764.  1852.  1800.
  1827.  1769.  1812.  1724.  1822.  1825.  1833.  1768.  1824.  1763.
  1817.  1790.  1787.  1830.  1833.  1834.  1760.  1827.  1787.  1821.
  1812.  1716.  1830.  1795.  1698.  1786.  1784.  1810.  1734.  1849.
  1757.  1817.  1791.  1837.  1717.]
Total events this file: 137890
Total events saved: 649950, Saved this file: 25598, Finsihed file: /mnt/scratch/micall12/training_files/NuMu_140000_000035_level2_sim3.zst_precleaning_lt200_NOvertex_IC19.hdf5
[    0.     0.     0.     0.     0.     0.     0.  6640.  7275.  7559.
  7871.  7996.  8495.  8607.  8921.  8931.  9236.  9340.  9461.  9814.
  9760.  9974. 10134. 10309. 10097. 10227. 10375. 10412. 10521. 10652.
 10813. 10602. 10581. 10790. 10719. 10686. 10983. 10945. 11062. 11042.
 11004. 10922. 11147. 10996. 11094.  3639.  3609.  3471.  3454.  3573.
  3636.  3611.  3683.  3571.  3606.  3462.  3664.  3671.  3568.  3548.
  3677.  3583.  3774.  3582.  3615.  3724.  3605.  3539.  3661.  3538.
  3647.  3679.  3578.  3600.  3755.  3587.  3628.  3613.  3558.  3613.
  3625.  3684.  3770.  3710.  3588.  3766.  3609.  3633.  3759.  3738.
  3573.  3714.  3573.  3712.  3607.  1819.  1867.  1836.  1768.  1863.
  1821.  1819.  1938.  1795.  1821.  1866.  1868.  1829.  1926.  1863.
  1887.  1835.  1867.  1792.  1864.  1875.  1889.  1818.  1891.  1818.
  1878.  1847.  1839.  1898.  1893.  1896.  1828.  1882.  1847.  1881.
  1885.  1776.  1889.  1867.  1755.  1840.  1845.  1868.  1798.  1919.
  1814.  1879.  1850.  1896.  1769.]
Total events this file: 38501
Total events saved: 660339, Saved this file: 10389, Finsihed file: /mnt/scratch/micall12/training_files/NuMu_140000_000036_level2_sim3.zst_precleaning_lt200_NOvertex_IC19.hdf5
[    0.     0.     0.     0.     0.     0.     0.  6823.  7471.  7763.
  8083.  8233.  8711.  8809.  9166.  9207.  9494.  9619.  9741. 10079.
 10020. 10239. 10409. 10613. 10403. 10502. 10688. 10711. 10779. 10956.
 11108. 10899. 10904. 11089. 11011. 10980. 11291. 11247. 11362. 11330.
 11292. 11217. 11448. 11278. 11407.  3639.  3609.  3471.  3454.  3573.
  3636.  3611.  3683.  3571.  3606.  3462.  3664.  3671.  3568.  3548.
  3677.  3583.  3774.  3582.  3615.  3724.  3605.  3539.  3661.  3538.
  3647.  3679.  3578.  3600.  3755.  3587.  3628.  3613.  3558.  3613.
  3625.  3684.  3770.  3710.  3588.  3766.  3609.  3633.  3759.  3738.
  3573.  3714.  3573.  3712.  3607.  1819.  1867.  1836.  1768.  1863.
  1821.  1819.  1938.  1795.  1821.  1866.  1868.  1829.  1926.  1863.
  1887.  1835.  1867.  1792.  1864.  1875.  1889.  1818.  1891.  1818.
  1878.  1847.  1839.  1898.  1893.  1896.  1828.  1882.  1847.  1881.
  1885.  1776.  1889.  1867.  1755.  1840.  1845.  1868.  1798.  1919.
  1814.  1879.  1850.  1896.  1769.]
Total events this file: 64364
Total events saved: 673744, Saved this file: 13405, Finsihed file: /mnt/scratch/micall12/training_files/NuMu_140000_000037_level2_sim3.zst_precleaning_lt200_NOvertex_IC19.hdf5
[    0.     0.     0.     0.     0.     0.     0.  7020.  7680.  7960.
  8311.  8473.  8911.  9058.  9404.  9457.  9765.  9900.  9996. 10352.
 10246. 10523. 10684. 10862. 10673. 10826. 10978. 10985. 11073. 11271.
 11382. 11168. 11185. 11391. 11330. 11300. 11573. 11568. 11652. 11679.
 11624. 11520. 11751. 11581. 11740.  3639.  3609.  3471.  3454.  3573.
  3636.  3611.  3683.  3571.  3606.  3462.  3664.  3671.  3568.  3548.
  3677.  3583.  3774.  3582.  3615.  3724.  3605.  3539.  3661.  3538.
  3647.  3679.  3578.  3600.  3755.  3587.  3628.  3613.  3558.  3613.
  3625.  3684.  3770.  3710.  3588.  3766.  3609.  3633.  3759.  3738.
  3573.  3714.  3573.  3712.  3607.  1867.  1933.  1911.  1820.  1920.
  1880.  1877.  1999.  1852.  1878.  1925.  1927.  1877.  1985.  1917.
  1943.  1886.  1925.  1838.  1934.  1942.  1952.  1887.  1945.  1887.
  1942.  1913.  1896.  1966.  1947.  1957.  1888.  1930.  1906.  1936.
  1941.  1837.  1946.  1912.  1817.  1901.  1898.  1929.  1844.  1987.
  1866.  1939.  1928.  1954.  1822.]
Total events this file: 92961
Total events saved: 687055, Saved this file: 13311, Finsihed file: /mnt/scratch/micall12/training_files/NuMu_140000_000038_level2_sim3.zst_precleaning_lt200_NOvertex_IC19.hdf5
[    0.     0.     0.     0.     0.     0.     0.  7222.  7855.  8166.
  8528.  8705.  9121.  9298.  9638.  9687. 10029. 10157. 10256. 10605.
 10495. 10800. 10982. 11154. 10974. 11109. 11254. 11274. 11358. 11579.
 11663. 11466. 11470. 11711. 11617. 11591. 11890. 11884. 11921. 11974.
 11935. 11826. 12055. 11898. 12061.  3639.  3609.  3471.  3454.  3573.
  3636.  3611.  3683.  3571.  3606.  3462.  3664.  3671.  3568.  3548.
  3677.  3583.  3774.  3582.  3615.  3724.  3605.  3539.  3661.  3538.
  3647.  3679.  3578.  3600.  3755.  3587.  3628.  3613.  3558.  3613.
  3625.  3684.  3770.  3710.  3588.  3766.  3609.  3633.  3759.  3738.
  3573.  3714.  3573.  3712.  3607.  1937.  2001.  1967.  1884.  1992.
  1946.  1927.  2060.  1913.  1928.  1983.  1971.  1935.  2052.  1978.
  2003.  1947.  1983.  1906.  1983.  1990.  2003.  1944.  2008.  1954.
  2012.  1972.  1938.  2020.  2023.  2010.  1951.  1994.  1969.  1992.
  1996.  1887.  2001.  1967.  1882.  1957.  1955.  1993.  1903.  2043.
  1927.  2009.  1987.  2008.  1873.]
Total events this file: 64184
Total events saved: 700446, Saved this file: 13391, Finsihed file: /mnt/scratch/micall12/training_files/NuMu_140000_000039_level2_sim3.zst_precleaning_lt200_NOvertex_IC19.hdf5
[    0.     0.     0.     0.     0.     0.     0.  7408.  8040.  8385.
  8759.  8943.  9341.  9546.  9881.  9920. 10269. 10413. 10534. 10878.
 10769. 11062. 11265. 11415. 11257. 11371. 11529. 11567. 11629. 11854.
 11953. 11769. 11762. 12023. 11899. 11926. 12250. 12199. 12232. 12268.
 12225. 12120. 12365. 12196. 12403.  3639.  3609.  3471.  3454.  3573.
  3636.  3611.  3683.  3571.  3606.  3462.  3664.  3671.  3568.  3548.
  3677.  3583.  3774.  3582.  3615.  3724.  3605.  3539.  3661.  3538.
  3647.  3679.  3578.  3600.  3755.  3587.  3628.  3613.  3558.  3613.
  3625.  3684.  3770.  3710.  3588.  3766.  3609.  3633.  3759.  3738.
  3573.  3714.  3573.  3712.  3607.  1991.  2057.  2039.  1963.  2052.
  2003.  1979.  2116.  1983.  1994.  2035.  2025.  2010.  2120.  2035.
  2054.  2010.  2036.  1977.  2046.  2051.  2050.  1997.  2075.  1997.
  2065.  2044.  1994.  2089.  2090.  2075.  2003.  2042.  2021.  2059.
  2063.  1941.  2063.  2028.  1938.  2019.  2002.  2058.  1964.  2101.
  1988.  2065.  2040.  2064.  1927.]
Total events this file: 64216
Total events saved: 713900, Saved this file: 13454, Finsihed file: /mnt/scratch/micall12/training_files/NuMu_140000_000040_level2_sim3.zst_precleaning_lt200_NOvertex_IC19.hdf5
[    0.     0.     0.     0.     0.     0.     0.  7596.  8242.  8606.
  8991.  9160.  9561.  9768. 10157. 10167. 10529. 10673. 10782. 11144.
 11059. 11301. 11549. 11719. 11527. 11694. 11831. 11882. 11929. 12138.
 12265. 12041. 12067. 12316. 12176. 12245. 12553. 12492. 12542. 12587.
 12537. 12424. 12608. 12516. 12714.  3639.  3609.  3471.  3454.  3573.
  3636.  3611.  3683.  3571.  3606.  3462.  3664.  3671.  3568.  3548.
  3677.  3583.  3774.  3582.  3615.  3724.  3605.  3539.  3661.  3538.
  3647.  3679.  3578.  3600.  3755.  3587.  3628.  3613.  3558.  3613.
  3625.  3684.  3770.  3710.  3588.  3766.  3609.  3633.  3759.  3738.
  3573.  3714.  3573.  3712.  3607.  2045.  2125.  2111.  2027.  2104.
  2061.  2043.  2172.  2046.  2059.  2102.  2083.  2067.  2166.  2097.
  2117.  2059.  2100.  2049.  2112.  2105.  2107.  2056.  2136.  2043.
  2126.  2105.  2052.  2150.  2141.  2139.  2071.  2098.  2078.  2128.
  2127.  1998.  2124.  2092.  2004.  2078.  2059.  2123.  2023.  2155.
  2049.  2119.  2091.  2135.  1972.]
Total events this file: 64188
Total events saved: 727288, Saved this file: 13388, Finsihed file: /mnt/scratch/micall12/training_files/NuMu_140000_000041_level2_sim3.zst_precleaning_lt200_NOvertex_IC19.hdf5
[    0.     0.     0.     0.     0.     0.     0.  7760.  8451.  8820.
  9227.  9391.  9786. 10027. 10396. 10416. 10791. 10940. 11064. 11383.
 11298. 11574. 11812. 12025. 11789. 12005. 12135. 12170. 12223. 12438.
 12519. 12316. 12409. 12620. 12460. 12525. 12872. 12774. 12818. 12888.
 12835. 12745. 12897. 12825. 13040.  3639.  3609.  3471.  3454.  3573.
  3636.  3611.  3683.  3571.  3606.  3462.  3664.  3671.  3568.  3548.
  3677.  3583.  3774.  3582.  3615.  3724.  3605.  3539.  3661.  3538.
  3647.  3679.  3578.  3600.  3755.  3587.  3628.  3613.  3558.  3613.
  3625.  3684.  3770.  3710.  3588.  3766.  3609.  3633.  3759.  3738.
  3573.  3714.  3573.  3712.  3607.  2093.  2195.  2169.  2092.  2170.
  2108.  2096.  2239.  2100.  2129.  2153.  2149.  2143.  2213.  2153.
  2171.  2120.  2168.  2104.  2183.  2160.  2156.  2128.  2189.  2101.
  2189.  2162.  2115.  2213.  2197.  2198.  2145.  2165.  2143.  2186.
  2191.  2070.  2188.  2141.  2070.  2136.  2116.  2180.  2090.  2217.
  2114.  2178.  2147.  2183.  2025.]
Total events this file: 64199
Total events saved: 740671, Saved this file: 13383, Finsihed file: /mnt/scratch/micall12/training_files/NuMu_140000_000042_level2_sim3.zst_precleaning_lt200_NOvertex_IC19.hdf5
[    0.     0.     0.     0.     0.     0.     0.  7956.  8642.  9016.
  9457.  9615. 10010. 10283. 10654. 10703. 11044. 11210. 11365. 11650.
 11540. 11834. 12093. 12308. 12074. 12304. 12422. 12467. 12497. 12734.
 12821. 12612. 12669. 12909. 12727. 12843. 13172. 13080. 13070. 13182.
 13177. 13036. 13200. 13162. 13343.  3639.  3609.  3471.  3454.  3573.
  3636.  3611.  3683.  3571.  3606.  3462.  3664.  3671.  3568.  3548.
  3677.  3583.  3774.  3582.  3615.  3724.  3605.  3539.  3661.  3538.
  3647.  3679.  3578.  3600.  3755.  3587.  3628.  3613.  3558.  3613.
  3625.  3684.  3770.  3710.  3588.  3766.  3609.  3633.  3759.  3738.
  3573.  3714.  3573.  3712.  3607.  2150.  2250.  2232.  2159.  2232.
  2154.  2147.  2295.  2159.  2188.  2215.  2226.  2210.  2268.  2206.
  2238.  2171.  2230.  2166.  2250.  2215.  2229.  2189.  2250.  2162.
  2245.  2215.  2162.  2284.  2251.  2257.  2198.  2215.  2202.  2242.
  2266.  2116.  2245.  2203.  2132.  2194.  2190.  2236.  2139.  2271.
  2180.  2225.  2212.  2248.  2088.]
Total events this file: 63920
Total events saved: 754142, Saved this file: 13471, Finsihed file: /mnt/scratch/micall12/training_files/NuMu_140000_000043_level2_sim3.zst_precleaning_lt200_NOvertex_IC19.hdf5
[    0.     0.     0.     0.     0.     0.     0.  8147.  8839.  9231.
  9662.  9834. 10252. 10511. 10947. 10944. 11325. 11451. 11632. 11910.
 11813. 12093. 12379. 12601. 12357. 12565. 12722. 12734. 12800. 13044.
 13091. 12915. 12953. 13221. 12999. 13159. 13478. 13395. 13392. 13496.
 13490. 13321. 13512. 13467. 13663.  3639.  3609.  3471.  3454.  3573.
  3636.  3611.  3683.  3571.  3606.  3462.  3664.  3671.  3568.  3548.
  3677.  3583.  3774.  3582.  3615.  3724.  3605.  3539.  3661.  3538.
  3647.  3679.  3578.  3600.  3755.  3587.  3628.  3613.  3558.  3613.
  3625.  3684.  3770.  3710.  3588.  3766.  3609.  3633.  3759.  3738.
  3573.  3714.  3573.  3712.  3607.  2214.  2307.  2299.  2218.  2288.
  2211.  2196.  2363.  2217.  2248.  2277.  2291.  2259.  2342.  2258.
  2301.  2228.  2298.  2232.  2313.  2279.  2305.  2249.  2311.  2224.
  2319.  2267.  2211.  2342.  2323.  2311.  2251.  2274.  2254.  2309.
  2326.  2176.  2305.  2257.  2193.  2261.  2246.  2297.  2201.  2328.
  2236.  2290.  2262.  2303.  2144.]
Total events this file: 137733
Total events saved: 779918, Saved this file: 25776, Finsihed file: /mnt/scratch/micall12/training_files/NuMu_140000_000044_level2_sim3.zst_precleaning_lt200_NOvertex_IC19.hdf5
[    0.     0.     0.     0.     0.     0.     0.  8342.  9038.  9419.
  9878. 10060. 10451. 10750. 11203. 11172. 11575. 11722. 11889. 12193.
 12101. 12392. 12652. 12911. 12646. 12882. 13007. 13018. 13084. 13332.
 13389. 13252. 13279. 13515. 13322. 13453. 13798. 13711. 13724. 13803.
 13805. 13638. 13822. 13787. 13954.  3883.  3856.  3715.  3682.  3778.
  3859.  3848.  3918.  3814.  3830.  3716.  3913.  3904.  3799.  3794.
  3908.  3803.  4033.  3806.  3866.  3966.  3868.  3812.  3900.  3751.
  3893.  3904.  3815.  3840.  4037.  3817.  3865.  3851.  3820.  3859.
  3853.  3905.  4025.  3971.  3851.  4018.  3870.  3868.  4021.  3975.
  3823.  3953.  3827.  3957.  3897.  2278.  2369.  2368.  2274.  2339.
  2280.  2274.  2425.  2282.  2315.  2338.  2349.  2319.  2407.  2313.
  2352.  2280.  2357.  2289.  2393.  2330.  2360.  2313.  2361.  2285.
  2388.  2339.  2282.  2388.  2371.  2372.  2300.  2337.  2314.  2371.
  2394.  2232.  2375.  2313.  2256.  2320.  2294.  2364.  2255.  2385.
  2292.  2351.  2315.  2361.  2193.]
Total events this file: 64364
Total events saved: 793356, Saved this file: 13438, Finsihed file: /mnt/scratch/micall12/training_files/NuMu_140000_000045_level2_sim3.zst_precleaning_lt200_NOvertex_IC19.hdf5
[    0.     0.     0.     0.     0.     0.     0.  8500.  9239.  9584.
 10128. 10307. 10690. 10979. 11455. 11426. 11828. 11965. 12135. 12459.
 12382. 12657. 12931. 13179. 12920. 13147. 13300. 13318. 13388. 13612.
 13708. 13564. 13571. 13850. 13601. 13752. 14095. 14014. 14038. 14123.
 14129. 13897. 14147. 14105. 14289.  3883.  3856.  3715.  3682.  3778.
  3859.  3848.  3918.  3814.  3830.  3716.  3913.  3904.  3799.  3794.
  3908.  3803.  4033.  3806.  3866.  3966.  3868.  3812.  3900.  3751.
  3893.  3904.  3815.  3840.  4037.  3817.  3865.  3851.  3820.  3859.
  3853.  3905.  4025.  3971.  3851.  4018.  3870.  3868.  4021.  3975.
  3823.  3953.  3827.  3957.  3897.  2317.  2440.  2434.  2328.  2390.
  2325.  2345.  2490.  2338.  2380.  2393.  2405.  2369.  2462.  2365.
  2414.  2341.  2414.  2347.  2471.  2385.  2429.  2378.  2423.  2341.
  2449.  2398.  2342.  2434.  2430.  2434.  2368.  2380.  2379.  2435.
  2471.  2282.  2447.  2382.  2323.  2381.  2350.  2442.  2319.  2447.
  2347.  2405.  2367.  2418.  2253.]
Total events this file: 64347
Total events saved: 806833, Saved this file: 13477, Finsihed file: /mnt/scratch/micall12/training_files/NuMu_140000_000046_level2_sim3.zst_precleaning_lt200_NOvertex_IC19.hdf5
[    0.     0.     0.     0.     0.     0.     0.  8669.  9446.  9789.
 10361. 10519. 10906. 11234. 11684. 11709. 12074. 12250. 12393. 12734.
 12637. 12919. 13235. 13436. 13227. 13412. 13600. 13608. 13676. 13921.
 14021. 13874. 13868. 14177. 13892. 14078. 14399. 14292. 14355. 14414.
 14437. 14187. 14435. 14406. 14570.  3883.  3856.  3715.  3682.  3778.
  3859.  3848.  3918.  3814.  3830.  3716.  3913.  3904.  3799.  3794.
  3908.  3803.  4033.  3806.  3866.  3966.  3868.  3812.  3900.  3751.
  3893.  3904.  3815.  3840.  4037.  3817.  3865.  3851.  3820.  3859.
  3853.  3905.  4025.  3971.  3851.  4018.  3870.  3868.  4021.  3975.
  3823.  3953.  3827.  3957.  3897.  2382.  2498.  2488.  2385.  2458.
  2380.  2399.  2548.  2398.  2434.  2447.  2478.  2448.  2533.  2418.
  2474.  2411.  2477.  2399.  2536.  2457.  2484.  2451.  2484.  2395.
  2515.  2450.  2414.  2490.  2491.  2487.  2425.  2440.  2441.  2505.
  2540.  2324.  2497.  2445.  2376.  2450.  2404.  2506.  2380.  2504.
  2407.  2460.  2444.  2479.  2316.]
Total events this file: 137520
Total events saved: 832175, Saved this file: 25342, Finsihed file: /mnt/scratch/micall12/training_files/NuMu_140000_000047_level2_sim3.zst_precleaning_lt200_NOvertex_IC19.hdf5
[    0.     0.     0.     0.     0.     0.     0.  8849.  9637. 10007.
 10546. 10738. 11141. 11492. 11934. 11963. 12338. 12510. 12668. 13003.
 12915. 13205. 13537. 13701. 13523. 13683. 13884. 13885. 13991. 14166.
 14293. 14180. 14131. 14438. 14171. 14358. 14705. 14593. 14644. 14718.
 14714. 14508. 14730. 14699. 14902.  4124.  4110.  3947.  3882.  3998.
  4102.  4087.  4173.  4071.  4069.  3930.  4156.  4136.  4034.  4037.
  4145.  4062.  4266.  4037.  4125.  4190.  4105.  4049.  4171.  3999.
  4150.  4128.  4052.  4068.  4325.  4075.  4118.  4125.  4020.  4062.
  4100.  4147.  4258.  4225.  4096.  4277.  4092.  4116.  4251.  4241.
  4048.  4174.  4056.  4215.  4151.  2446.  2566.  2550.  2447.  2526.
  2459.  2458.  2615.  2467.  2478.  2512.  2538.  2495.  2602.  2486.
  2529.  2474.  2538.  2452.  2600.  2508.  2542.  2505.  2545.  2466.
  2568.  2514.  2476.  2537.  2563.  2547.  2489.  2504.  2507.  2559.
  2611.  2387.  2547.  2503.  2433.  2508.  2458.  2576.  2432.  2562.
  2472.  2512.  2515.  2540.  2376.]
Total events this file: 137300
Total events saved: 857863, Saved this file: 25688, Finsihed file: /mnt/scratch/micall12/training_files/NuMu_140000_000048_level2_sim3.zst_precleaning_lt200_NOvertex_IC19.hdf5
[    0.     0.     0.     0.     0.     0.     0.  9026.  9823. 10227.
 10750. 10987. 11379. 11745. 12189. 12186. 12623. 12773. 12949. 13286.
 13203. 13497. 13852. 13992. 13792. 13966. 14163. 14146. 14263. 14444.
 14580. 14468. 14425. 14729. 14479. 14668. 15018. 14886. 14936. 15015.
 15031. 14819. 15032. 15005. 15220.  4342.  4323.  4164.  4096.  4219.
  4353.  4327.  4418.  4346.  4294.  4199.  4393.  4379.  4257.  4275.
  4363.  4341.  4505.  4253.  4377.  4423.  4342.  4293.  4429.  4248.
  4377.  4394.  4317.  4330.  4549.  4322.  4357.  4369.  4265.  4331.
  4344.  4393.  4515.  4468.  4370.  4520.  4334.  4370.  4476.  4466.
  4305.  4418.  4263.  4481.  4410.  2508.  2633.  2590.  2501.  2592.
  2527.  2519.  2682.  2528.  2535.  2570.  2604.  2568.  2663.  2551.
  2612.  2527.  2592.  2502.  2665.  2573.  2608.  2564.  2600.  2525.
  2623.  2582.  2555.  2599.  2637.  2597.  2562.  2568.  2569.  2615.
  2682.  2441.  2611.  2560.  2506.  2570.  2520.  2639.  2490.  2610.
  2535.  2570.  2571.  2603.  2434.]
Total events this file: 64082
Total events saved: 871468, Saved this file: 13605, Finsihed file: /mnt/scratch/micall12/training_files/NuMu_140000_000049_level2_sim3.zst_precleaning_lt200_NOvertex_IC19.hdf5
[    0.     0.     0.     0.     0.     0.     0.  9189. 10032. 10426.
 10970. 11226. 11598. 11974. 12436. 12436. 12862. 13017. 13224. 13547.
 13482. 13777. 14122. 14284. 14082. 14276. 14458. 14411. 14587. 14734.
 14888. 14766. 14726. 15034. 14787. 14952. 15343. 15194. 15246. 15312.
 15341. 15114. 15362. 15324. 15558.  4342.  4323.  4164.  4096.  4219.
  4353.  4327.  4418.  4346.  4294.  4199.  4393.  4379.  4257.  4275.
  4363.  4341.  4505.  4253.  4377.  4423.  4342.  4293.  4429.  4248.
  4377.  4394.  4317.  4330.  4549.  4322.  4357.  4369.  4265.  4331.
  4344.  4393.  4515.  4468.  4370.  4520.  4334.  4370.  4476.  4466.
  4305.  4418.  4263.  4481.  4410.  2564.  2704.  2662.  2573.  2642.
  2587.  2591.  2742.  2582.  2604.  2637.  2671.  2616.  2730.  2610.
  2673.  2586.  2649.  2563.  2727.  2630.  2657.  2614.  2669.  2585.
  2683.  2652.  2631.  2660.  2699.  2648.  2625.  2627.  2629.  2683.
  2751.  2511.  2673.  2618.  2569.  2630.  2577.  2707.  2555.  2666.
  2605.  2636.  2625.  2652.  2488.]
[    0.     0.     0.     0.     0.     0.     0.  9189. 10032. 10426.
 10970. 11226. 11598. 11974. 12436. 12436. 12862. 13017. 13224. 13547.
 13482. 13777. 14122. 14284. 14082. 14276. 14458. 14411. 14587. 14734.
 14888. 14766. 14726. 15034. 14787. 14952. 15343. 15194. 15246. 15312.
 15341. 15114. 15362. 15324. 15558.  4342.  4323.  4164.  4096.  4219.
  4353.  4327.  4418.  4346.  4294.  4199.  4393.  4379.  4257.  4275.
  4363.  4341.  4505.  4253.  4377.  4423.  4342.  4293.  4429.  4248.
  4377.  4394.  4317.  4330.  4549.  4322.  4357.  4369.  4265.  4331.
  4344.  4393.  4515.  4468.  4370.  4520.  4334.  4370.  4476.  4466.
  4305.  4418.  4263.  4481.  4410.  2564.  2704.  2662.  2573.  2642.
  2587.  2591.  2742.  2582.  2604.  2637.  2671.  2616.  2730.  2610.
  2673.  2586.  2649.  2563.  2727.  2630.  2657.  2614.  2669.  2585.
  2683.  2652.  2631.  2660.  2699.  2648.  2625.  2627.  2629.  2683.
  2751.  2511.  2673.  2618.  2569.  2630.  2577.  2707.  2555.  2666.
  2605.  2636.  2625.  2652.  2488.]
Total events saved: 871468
I put evnts 0 - 871468 into /mnt/scratch/micall12/training_files/NuMu_140000_level2_sim3_IC19_old_start_DC_precleaninglt150_CC_old_start_DC_all_end_flat_145bins_28000evtperbin.hdf5
