Keeping CC event types
Saving PEGLEG info: False 
Bin size: 1.000000 GeV 
Max Count Per Bin: 42953 events 
Energy Range: 5.000000 - 200.000000 
Starting cut: start_IC7 
Ending cut: all_end 
Shuffling: False 
Keeping event types: CC
Total events this file: 64239
Total events saved: 30878, Saved this file: 30878, Finsihed file: /mnt/scratch/micall12/training_files/NuMu_140000_000000_level2_sim3.zst_lt200_NOvertex_IC19.hdf5
[  0.   0.   0.   0.   0.   0.   0. 318. 352. 378. 426. 434. 443. 434.
 504. 511. 517. 529. 560. 518. 559. 594. 593. 568. 625. 616. 625. 670.
 626. 686. 627. 702. 726. 709. 704. 689. 692. 722. 716. 718. 694. 732.
 729. 744. 747.   0.   0.   0.   0.   0.   0.   0.   0.   0.   0.   0.
   0.   0.   0.   0.   0.   0.   0.   0.   0.   0.   0.   0.   0.   0.
   0.   0.   0.   0.   0.   0.   0.   0.   0.   0.   0.   0.   0.   0.
   0.   0.   0.   0.   0.   0.   0.   0.   0.   0.   0. 166. 144. 162.
 150. 163. 168. 180. 147. 152. 164. 149. 178. 176. 154. 151. 169. 146.
 150. 150. 157. 163. 167. 167. 161. 162. 173. 159. 168. 164. 163. 171.
 150. 186. 179. 173. 178. 174. 171. 135. 146. 166. 172. 189. 174. 140.
 152. 181. 149. 176. 156.   0.   0.   0.   0.   0.   0.   0.   0.   0.
   0.   0.   0.   0.   0.   0.   0.   0.   0.   0.   0.   0.   0.   0.
   0.   0.   0.   0.   0.   0.   0.   0.   0.   0.   0.   0.   0.   0.
   0.   0.   0.   0.   0.   0.   0.   0.   0.   0.   0.   0.   0.]
Total events this file: 93083
Total events saved: 69953, Saved this file: 39075, Finsihed file: /mnt/scratch/micall12/training_files/NuMu_140000_000006_level2_sim3.zst_lt200_NOvertex_IC19.hdf5
[   0.    0.    0.    0.    0.    0.    0.  619.  689.  734.  839.  866.
  905.  900.  980. 1006. 1037. 1020. 1090. 1117. 1155. 1184. 1195. 1169.
 1258. 1257. 1269. 1311. 1248. 1358. 1286. 1363. 1370. 1374. 1390. 1390.
 1434. 1418. 1440. 1453. 1454. 1484. 1465. 1464. 1515.    0.    0.    0.
    0.    0.    0.    0.    0.    0.    0.    0.    0.    0.    0.    0.
    0.    0.    0.    0.    0.    0.    0.    0.    0.    0.    0.    0.
    0.    0.    0.    0.    0.    0.    0.    0.    0.    0.    0.    0.
    0.    0.    0.    0.    0.    0.    0.    0.    0.    0.    0.  329.
  283.  306.  289.  335.  318.  346.  321.  333.  331.  292.  329.  333.
  321.  324.  325.  317.  337.  304.  309.  300.  335.  323.  297.  304.
  316.  313.  356.  332.  319.  339.  318.  335.  350.  338.  350.  319.
  351.  321.  315.  321.  347.  362.  318.  310.  319.  348.  323.  343.
  325.  177.  165.  151.  162.  153.  156.  166.  161.  168.  177.  145.
  171.  149.  178.  184.  172.  177.  182.  152.  155.  167.  157.  171.
  144.  148.  159.  142.  172.  182.  155.  176.  183.  174.  171.  161.
  163.  157.  164.  173.  157.  158.  155.  152.  166.  168.  169.  164.
  173.  172.  164.]
Total events this file: 93408
Total events saved: 109150, Saved this file: 39197, Finsihed file: /mnt/scratch/micall12/training_files/NuMu_140000_000007_level2_sim3.zst_lt200_NOvertex_IC19.hdf5
[   0.    0.    0.    0.    0.    0.    0.  975. 1078. 1064. 1273. 1285.
 1362. 1379. 1459. 1529. 1538. 1565. 1651. 1665. 1712. 1817. 1778. 1777.
 1880. 1882. 1890. 1912. 1916. 2005. 1980. 2066. 2017. 2100. 2094. 2078.
 2159. 2129. 2132. 2172. 2211. 2182. 2209. 2242. 2242.    0.    0.    0.
    0.    0.    0.    0.    0.    0.    0.    0.    0.    0.    0.    0.
    0.    0.    0.    0.    0.    0.    0.    0.    0.    0.    0.    0.
    0.    0.    0.    0.    0.    0.    0.    0.    0.    0.    0.    0.
    0.    0.    0.    0.    0.    0.    0.    0.    0.    0.    0.  460.
  431.  474.  446.  496.  472.  502.  479.  488.  482.  459.  475.  485.
  484.  503.  484.  481.  498.  474.  471.  472.  519.  479.  470.  445.
  460.  481.  503.  472.  493.  517.  481.  493.  511.  535.  519.  477.
  501.  466.  482.  471.  513.  512.  486.  489.  489.  497.  476.  521.
  503.  337.  316.  337.  341.  323.  331.  319.  328.  320.  345.  300.
  333.  295.  354.  348.  353.  338.  344.  342.  310.  330.  298.  346.
  296.  302.  329.  290.  330.  335.  332.  352.  354.  339.  312.  340.
  344.  314.  320.  356.  315.  313.  320.  327.  344.  340.  324.  315.
  346.  362.  329.]
Total events this file: 92931
Total events saved: 148073, Saved this file: 38923, Finsihed file: /mnt/scratch/micall12/training_files/NuMu_140000_000008_level2_sim3.zst_lt200_NOvertex_IC19.hdf5
[   0.    0.    0.    0.    0.    0.    0. 1268. 1434. 1461. 1653. 1684.
 1807. 1849. 1957. 2018. 2041. 2092. 2242. 2188. 2259. 2411. 2378. 2366.
 2451. 2490. 2533. 2571. 2578. 2676. 2656. 2740. 2645. 2789. 2780. 2783.
 2840. 2826. 2814. 2867. 2959. 2944. 2931. 2999. 2978.    0.    0.    0.
    0.    0.    0.    0.    0.    0.    0.    0.    0.    0.    0.    0.
    0.    0.    0.    0.    0.    0.    0.    0.    0.    0.    0.    0.
    0.    0.    0.    0.    0.    0.    0.    0.    0.    0.    0.    0.
    0.    0.    0.    0.    0.    0.    0.    0.    0.    0.    0.  613.
  593.  609.  608.  661.  654.  669.  641.  655.  655.  626.  635.  634.
  645.  660.  633.  663.  657.  629.  643.  624.  707.  620.  621.  600.
  611.  658.  651.  618.  645.  663.  636.  655.  670.  686.  712.  630.
  646.  644.  638.  621.  672.  676.  637.  666.  678.  693.  632.  679.
  673.  493.  496.  484.  509.  486.  497.  477.  497.  485.  484.  467.
  506.  446.  534.  508.  520.  499.  497.  510.  488.  511.  453.  528.
  462.  466.  498.  470.  493.  499.  484.  522.  515.  507.  476.  499.
  516.  502.  468.  525.  463.  504.  486.  487.  547.  518.  491.  474.
  493.  532.  498.]
Total events this file: 89122
Total events saved: 185663, Saved this file: 37590, Finsihed file: /mnt/scratch/micall12/training_files/NuMu_140000_000009_level2_sim3.zst_lt200_NOvertex_IC19.hdf5
[   0.    0.    0.    0.    0.    0.    0. 1587. 1774. 1815. 2080. 2072.
 2253. 2334. 2463. 2532. 2531. 2611. 2762. 2786. 2814. 3017. 2981. 2959.
 3058. 3105. 3114. 3249. 3250. 3380. 3297. 3356. 3327. 3507. 3437. 3466.
 3493. 3506. 3481. 3602. 3686. 3642. 3660. 3707. 3702.    0.    0.    0.
    0.    0.    0.    0.    0.    0.    0.    0.    0.    0.    0.    0.
    0.    0.    0.    0.    0.    0.    0.    0.    0.    0.    0.    0.
    0.    0.    0.    0.    0.    0.    0.    0.    0.    0.    0.    0.
    0.    0.    0.    0.    0.    0.    0.    0.    0.    0.    0.  747.
  720.  771.  744.  798.  799.  821.  773.  802.  779.  752.  785.  753.
  789.  793.  776.  790.  811.  741.  780.  755.  840.  752.  762.  746.
  734.  814.  783.  742.  783.  784.  779.  778.  792.  841.  871.  770.
  786.  786.  757.  755.  826.  826.  794.  820.  800.  840.  784.  802.
  804.  654.  669.  643.  665.  645.  647.  646.  642.  674.  641.  626.
  663.  614.  687.  677.  698.  650.  662.  690.  658.  682.  611.  694.
  617.  641.  671.  620.  671.  677.  663.  679.  676.  678.  633.  675.
  707.  653.  619.  685.  627.  644.  631.  668.  703.  670.  674.  666.
  676.  722.  653.]
Total events this file: 64102
Total events saved: 216416, Saved this file: 30753, Finsihed file: /mnt/scratch/micall12/training_files/NuMu_140000_000010_level2_sim3.zst_lt200_NOvertex_IC19.hdf5
[   0.    0.    0.    0.    0.    0.    0. 1909. 2135. 2176. 2470. 2470.
 2705. 2788. 2960. 3010. 3073. 3125. 3267. 3350. 3358. 3573. 3612. 3546.
 3681. 3755. 3780. 3892. 3910. 4036. 3986. 4023. 3997. 4206. 4101. 4188.
 4194. 4256. 4175. 4329. 4428. 4391. 4404. 4475. 4464.    0.    0.    0.
    0.    0.    0.    0.    0.    0.    0.    0.    0.    0.    0.    0.
    0.    0.    0.    0.    0.    0.    0.    0.    0.    0.    0.    0.
    0.    0.    0.    0.    0.    0.    0.    0.    0.    0.    0.    0.
    0.    0.    0.    0.    0.    0.    0.    0.    0.    0.    0.  906.
  881.  905.  891.  971.  970.  989.  933.  958.  936.  928.  954.  891.
  951.  967.  923.  955.  963.  890.  928.  921. 1024.  925.  953.  906.
  918.  958.  955.  902.  942.  923.  922.  949.  962.  997. 1019.  938.
  922.  943.  889.  894.  981.  969.  936.  984.  989.  993.  949.  972.
  956.  654.  669.  643.  665.  645.  647.  646.  642.  674.  641.  626.
  663.  614.  687.  677.  698.  650.  662.  690.  658.  682.  611.  694.
  617.  641.  671.  620.  671.  677.  663.  679.  676.  678.  633.  675.
  707.  653.  619.  685.  627.  644.  631.  668.  703.  670.  674.  666.
  676.  722.  653.]
Total events this file: 60917
Total events saved: 246058, Saved this file: 29642, Finsihed file: /mnt/scratch/micall12/training_files/NuMu_140000_000013_level2_sim3.zst_lt200_NOvertex_IC19.hdf5
[   0.    0.    0.    0.    0.    0.    0. 2255. 2474. 2524. 2864. 2886.
 3122. 3235. 3453. 3492. 3624. 3693. 3793. 3944. 3959. 4131. 4156. 4113.
 4301. 4378. 4395. 4546. 4582. 4697. 4672. 4635. 4644. 4874. 4776. 4863.
 4865. 5002. 4895. 5038. 5176. 5124. 5178. 5214. 5204.    0.    0.    0.
    0.    0.    0.    0.    0.    0.    0.    0.    0.    0.    0.    0.
    0.    0.    0.    0.    0.    0.    0.    0.    0.    0.    0.    0.
    0.    0.    0.    0.    0.    0.    0.    0.    0.    0.    0.    0.
    0.    0.    0.    0.    0.    0.    0.    0.    0.    0.    0. 1058.
 1043. 1038. 1030. 1105. 1101. 1131. 1070. 1107. 1089. 1063. 1080. 1033.
 1117. 1103. 1097. 1105. 1120. 1014. 1074. 1068. 1169. 1056. 1082. 1057.
 1050. 1073. 1114. 1055. 1085. 1065. 1051. 1066. 1106. 1117. 1156. 1096.
 1051. 1085. 1041. 1032. 1136. 1120. 1079. 1120. 1120. 1141. 1070. 1109.
 1096.  654.  669.  643.  665.  645.  647.  646.  642.  674.  641.  626.
  663.  614.  687.  677.  698.  650.  662.  690.  658.  682.  611.  694.
  617.  641.  671.  620.  671.  677.  663.  679.  676.  678.  633.  675.
  707.  653.  619.  685.  627.  644.  631.  668.  703.  670.  674.  666.
  676.  722.  653.]
Total events this file: 64105
Total events saved: 276604, Saved this file: 30546, Finsihed file: /mnt/scratch/micall12/training_files/NuMu_140000_000014_level2_sim3.zst_lt200_NOvertex_IC19.hdf5
[   0.    0.    0.    0.    0.    0.    0. 2594. 2864. 2901. 3245. 3284.
 3553. 3715. 3915. 4000. 4101. 4200. 4355. 4517. 4502. 4766. 4741. 4703.
 4901. 5049. 5038. 5163. 5218. 5322. 5308. 5309. 5274. 5565. 5449. 5607.
 5609. 5667. 5542. 5767. 5907. 5812. 5945. 5944. 5954.    0.    0.    0.
    0.    0.    0.    0.    0.    0.    0.    0.    0.    0.    0.    0.
    0.    0.    0.    0.    0.    0.    0.    0.    0.    0.    0.    0.
    0.    0.    0.    0.    0.    0.    0.    0.    0.    0.    0.    0.
    0.    0.    0.    0.    0.    0.    0.    0.    0.    0.    0. 1208.
 1191. 1211. 1171. 1281. 1253. 1284. 1249. 1260. 1230. 1220. 1226. 1176.
 1287. 1257. 1261. 1277. 1263. 1159. 1245. 1236. 1331. 1211. 1239. 1232.
 1227. 1239. 1284. 1226. 1248. 1220. 1211. 1223. 1253. 1290. 1319. 1241.
 1209. 1235. 1220. 1205. 1299. 1270. 1247. 1295. 1266. 1313. 1220. 1266.
 1277.  654.  669.  643.  665.  645.  647.  646.  642.  674.  641.  626.
  663.  614.  687.  677.  698.  650.  662.  690.  658.  682.  611.  694.
  617.  641.  671.  620.  671.  677.  663.  679.  676.  678.  633.  675.
  707.  653.  619.  685.  627.  644.  631.  668.  703.  670.  674.  666.
  676.  722.  653.]
Total events this file: 63979
Total events saved: 307351, Saved this file: 30747, Finsihed file: /mnt/scratch/micall12/training_files/NuMu_140000_000015_level2_sim3.zst_lt200_NOvertex_IC19.hdf5
[   0.    0.    0.    0.    0.    0.    0. 2946. 3237. 3270. 3670. 3696.
 4025. 4135. 4365. 4480. 4629. 4701. 4914. 5079. 5060. 5354. 5337. 5310.
 5513. 5645. 5680. 5796. 5835. 6000. 5941. 5985. 5990. 6233. 6153. 6294.
 6351. 6373. 6252. 6520. 6607. 6552. 6637. 6705. 6653.    0.    0.    0.
    0.    0.    0.    0.    0.    0.    0.    0.    0.    0.    0.    0.
    0.    0.    0.    0.    0.    0.    0.    0.    0.    0.    0.    0.
    0.    0.    0.    0.    0.    0.    0.    0.    0.    0.    0.    0.
    0.    0.    0.    0.    0.    0.    0.    0.    0.    0.    0. 1366.
 1315. 1377. 1332. 1445. 1421. 1452. 1407. 1416. 1387. 1393. 1393. 1359.
 1466. 1401. 1417. 1436. 1437. 1319. 1407. 1384. 1508. 1387. 1411. 1404.
 1378. 1399. 1423. 1379. 1417. 1398. 1375. 1378. 1406. 1455. 1469. 1400.
 1377. 1427. 1362. 1371. 1458. 1435. 1412. 1460. 1412. 1477. 1380. 1470.
 1433.  654.  669.  643.  665.  645.  647.  646.  642.  674.  641.  626.
  663.  614.  687.  677.  698.  650.  662.  690.  658.  682.  611.  694.
  617.  641.  671.  620.  671.  677.  663.  679.  676.  678.  633.  675.
  707.  653.  619.  685.  627.  644.  631.  668.  703.  670.  674.  666.
  676.  722.  653.]
Total events this file: 59101
Total events saved: 336663, Saved this file: 29312, Finsihed file: /mnt/scratch/micall12/training_files/NuMu_140000_000017_level2_sim3.zst_lt200_NOvertex_IC19.hdf5
[   0.    0.    0.    0.    0.    0.    0. 3255. 3598. 3657. 4090. 4110.
 4458. 4632. 4873. 4947. 5120. 5180. 5471. 5633. 5647. 5903. 5897. 5925.
 6100. 6274. 6330. 6463. 6492. 6667. 6555. 6643. 6677. 6976. 6840. 6980.
 7036. 7120. 7013. 7268. 7359. 7297. 7393. 7429. 7380.    0.    0.    0.
    0.    0.    0.    0.    0.    0.    0.    0.    0.    0.    0.    0.
    0.    0.    0.    0.    0.    0.    0.    0.    0.    0.    0.    0.
    0.    0.    0.    0.    0.    0.    0.    0.    0.    0.    0.    0.
    0.    0.    0.    0.    0.    0.    0.    0.    0.    0.    0. 1484.
 1454. 1500. 1451. 1556. 1546. 1579. 1541. 1557. 1526. 1518. 1536. 1488.
 1613. 1507. 1557. 1561. 1564. 1424. 1568. 1516. 1639. 1530. 1540. 1530.
 1522. 1536. 1528. 1522. 1544. 1538. 1513. 1504. 1538. 1587. 1589. 1536.
 1506. 1554. 1492. 1492. 1582. 1575. 1556. 1591. 1554. 1613. 1515. 1600.
 1566.  654.  669.  643.  665.  645.  647.  646.  642.  674.  641.  626.
  663.  614.  687.  677.  698.  650.  662.  690.  658.  682.  611.  694.
  617.  641.  671.  620.  671.  677.  663.  679.  676.  678.  633.  675.
  707.  653.  619.  685.  627.  644.  631.  668.  703.  670.  674.  666.
  676.  722.  653.]
Total events this file: 64301
Total events saved: 367403, Saved this file: 30740, Finsihed file: /mnt/scratch/micall12/training_files/NuMu_140000_000019_level2_sim3.zst_lt200_NOvertex_IC19.hdf5
[   0.    0.    0.    0.    0.    0.    0. 3536. 3944. 4050. 4520. 4562.
 4894. 5093. 5365. 5443. 5650. 5726. 6006. 6186. 6229. 6471. 6483. 6547.
 6732. 6927. 6962. 7101. 7115. 7297. 7222. 7346. 7402. 7678. 7510. 7681.
 7704. 7830. 7727. 7981. 8040. 8016. 8106. 8160. 8137.    0.    0.    0.
    0.    0.    0.    0.    0.    0.    0.    0.    0.    0.    0.    0.
    0.    0.    0.    0.    0.    0.    0.    0.    0.    0.    0.    0.
    0.    0.    0.    0.    0.    0.    0.    0.    0.    0.    0.    0.
    0.    0.    0.    0.    0.    0.    0.    0.    0.    0.    0. 1642.
 1581. 1664. 1584. 1729. 1692. 1736. 1706. 1686. 1704. 1700. 1692. 1642.
 1789. 1682. 1687. 1723. 1743. 1577. 1726. 1683. 1810. 1662. 1699. 1695.
 1688. 1699. 1692. 1691. 1700. 1681. 1690. 1657. 1701. 1758. 1747. 1689.
 1661. 1712. 1674. 1650. 1754. 1741. 1727. 1763. 1731. 1774. 1669. 1762.
 1742.  654.  669.  643.  665.  645.  647.  646.  642.  674.  641.  626.
  663.  614.  687.  677.  698.  650.  662.  690.  658.  682.  611.  694.
  617.  641.  671.  620.  671.  677.  663.  679.  676.  678.  633.  675.
  707.  653.  619.  685.  627.  644.  631.  668.  703.  670.  674.  666.
  676.  722.  653.]
Total events this file: 64583
Total events saved: 398032, Saved this file: 30629, Finsihed file: /mnt/scratch/micall12/training_files/NuMu_140000_000020_level2_sim3.zst_lt200_NOvertex_IC19.hdf5
[   0.    0.    0.    0.    0.    0.    0. 3832. 4289. 4413. 4936. 5008.
 5357. 5526. 5833. 5897. 6148. 6259. 6503. 6771. 6788. 7041. 7105. 7150.
 7334. 7531. 7619. 7731. 7758. 7958. 7871. 7984. 8108. 8373. 8196. 8367.
 8389. 8497. 8433. 8697. 8751. 8779. 8832. 8892. 8902.    0.    0.    0.
    0.    0.    0.    0.    0.    0.    0.    0.    0.    0.    0.    0.
    0.    0.    0.    0.    0.    0.    0.    0.    0.    0.    0.    0.
    0.    0.    0.    0.    0.    0.    0.    0.    0.    0.    0.    0.
    0.    0.    0.    0.    0.    0.    0.    0.    0.    0.    0. 1780.
 1736. 1837. 1728. 1871. 1838. 1896. 1890. 1848. 1872. 1867. 1843. 1785.
 1966. 1834. 1847. 1868. 1910. 1721. 1897. 1832. 1983. 1826. 1851. 1848.
 1855. 1860. 1864. 1861. 1860. 1847. 1855. 1815. 1877. 1942. 1910. 1855.
 1837. 1887. 1830. 1810. 1912. 1903. 1900. 1934. 1901. 1974. 1827. 1937.
 1910.  654.  669.  643.  665.  645.  647.  646.  642.  674.  641.  626.
  663.  614.  687.  677.  698.  650.  662.  690.  658.  682.  611.  694.
  617.  641.  671.  620.  671.  677.  663.  679.  676.  678.  633.  675.
  707.  653.  619.  685.  627.  644.  631.  668.  703.  670.  674.  666.
  676.  722.  653.]
Total events this file: 64210
Total events saved: 428661, Saved this file: 30629, Finsihed file: /mnt/scratch/micall12/training_files/NuMu_140000_000021_level2_sim3.zst_lt200_NOvertex_IC19.hdf5
[   0.    0.    0.    0.    0.    0.    0. 4139. 4632. 4816. 5324. 5408.
 5783. 6014. 6299. 6392. 6665. 6799. 7064. 7360. 7389. 7614. 7692. 7713.
 7919. 8134. 8241. 8389. 8422. 8607. 8503. 8673. 8758. 9084. 8889. 9134.
 9039. 9207. 9138. 9424. 9549. 9533. 9556. 9619. 9638.    0.    0.    0.
    0.    0.    0.    0.    0.    0.    0.    0.    0.    0.    0.    0.
    0.    0.    0.    0.    0.    0.    0.    0.    0.    0.    0.    0.
    0.    0.    0.    0.    0.    0.    0.    0.    0.    0.    0.    0.
    0.    0.    0.    0.    0.    0.    0.    0.    0.    0.    0. 1928.
 1889. 1994. 1870. 2029. 1998. 2052. 2059. 2014. 2017. 2034. 2004. 1940.
 2116. 1988. 2002. 2022. 2061. 1884. 2070. 1994. 2161. 1984. 2022. 2005.
 2015. 2016. 2019. 2017. 2013. 2000. 2009. 1981. 2035. 2088. 2067. 2002.
 2007. 2056. 1974. 1979. 2076. 2044. 2066. 2105. 2071. 2127. 2011. 2076.
 2074.  654.  669.  643.  665.  645.  647.  646.  642.  674.  641.  626.
  663.  614.  687.  677.  698.  650.  662.  690.  658.  682.  611.  694.
  617.  641.  671.  620.  671.  677.  663.  679.  676.  678.  633.  675.
  707.  653.  619.  685.  627.  644.  631.  668.  703.  670.  674.  666.
  676.  722.  653.]
Total events this file: 63941
Total events saved: 459229, Saved this file: 30568, Finsihed file: /mnt/scratch/micall12/training_files/NuMu_140000_000022_level2_sim3.zst_lt200_NOvertex_IC19.hdf5
[    0.     0.     0.     0.     0.     0.     0.  4442.  4989.  5193.
  5715.  5814.  6265.  6450.  6773.  6901.  7182.  7337.  7578.  7891.
  7967.  8171.  8256.  8328.  8508.  8729.  8877.  9022.  8999.  9289.
  9145.  9343.  9460.  9750.  9569.  9849.  9714.  9903.  9883. 10128.
 10222. 10317. 10284. 10285. 10419.     0.     0.     0.     0.     0.
     0.     0.     0.     0.     0.     0.     0.     0.     0.     0.
     0.     0.     0.     0.     0.     0.     0.     0.     0.     0.
     0.     0.     0.     0.     0.     0.     0.     0.     0.     0.
     0.     0.     0.     0.     0.     0.     0.     0.     0.     0.
     0.     0.     0.     0.     0.  2079.  2056.  2171.  2006.  2190.
  2161.  2222.  2233.  2162.  2187.  2190.  2173.  2096.  2265.  2138.
  2186.  2178.  2261.  2036.  2228.  2152.  2319.  2144.  2159.  2158.
  2175.  2185.  2162.  2195.  2176.  2184.  2187.  2152.  2196.  2253.
  2237.  2168.  2187.  2245.  2132.  2127.  2242.  2223.  2232.  2284.
  2245.  2275.  2177.  2218.  2238.   654.   669.   643.   665.   645.
   647.   646.   642.   674.   641.   626.   663.   614.   687.   677.
   698.   650.   662.   690.   658.   682.   611.   694.   617.   641.
   671.   620.   671.   677.   663.   679.   676.   678.   633.   675.
   707.   653.   619.   685.   627.   644.   631.   668.   703.   670.
   674.   666.   676.   722.   653.]
Total events this file: 64213
Total events saved: 490055, Saved this file: 30826, Finsihed file: /mnt/scratch/micall12/training_files/NuMu_140000_000024_level2_sim3.zst_lt200_NOvertex_IC19.hdf5
[    0.     0.     0.     0.     0.     0.     0.  4790.  5331.  5586.
  6063.  6234.  6717.  6936.  7279.  7381.  7737.  7867.  8125.  8431.
  8553.  8802.  8846.  8946.  9084.  9342.  9473.  9661.  9649.  9970.
  9828.  9979. 10135. 10417. 10304. 10556. 10414. 10587. 10630. 10876.
 10930. 11053. 10997. 11038. 11172.     0.     0.     0.     0.     0.
     0.     0.     0.     0.     0.     0.     0.     0.     0.     0.
     0.     0.     0.     0.     0.     0.     0.     0.     0.     0.
     0.     0.     0.     0.     0.     0.     0.     0.     0.     0.
     0.     0.     0.     0.     0.     0.     0.     0.     0.     0.
     0.     0.     0.     0.     0.  2230.  2228.  2315.  2145.  2339.
  2327.  2392.  2398.  2332.  2332.  2370.  2347.  2258.  2422.  2295.
  2352.  2316.  2409.  2214.  2383.  2333.  2507.  2293.  2326.  2310.
  2324.  2359.  2318.  2357.  2322.  2362.  2328.  2322.  2341.  2425.
  2417.  2333.  2334.  2428.  2283.  2285.  2408.  2398.  2388.  2470.
  2383.  2440.  2343.  2390.  2368.   654.   669.   643.   665.   645.
   647.   646.   642.   674.   641.   626.   663.   614.   687.   677.
   698.   650.   662.   690.   658.   682.   611.   694.   617.   641.
   671.   620.   671.   677.   663.   679.   676.   678.   633.   675.
   707.   653.   619.   685.   627.   644.   631.   668.   703.   670.
   674.   666.   676.   722.   653.]
Total events this file: 63609
Total events saved: 520550, Saved this file: 30495, Finsihed file: /mnt/scratch/micall12/training_files/NuMu_140000_000025_level2_sim3.zst_lt200_NOvertex_IC19.hdf5
[    0.     0.     0.     0.     0.     0.     0.  5086.  5700.  5985.
  6468.  6699.  7134.  7425.  7767.  7837.  8238.  8376.  8635.  9011.
  9138.  9335.  9443.  9578.  9665.  9967. 10148. 10320. 10342. 10602.
 10502. 10669. 10814. 11095. 10959. 11244. 11081. 11306. 11369. 11587.
 11605. 11780. 11716. 11756. 11926.     0.     0.     0.     0.     0.
     0.     0.     0.     0.     0.     0.     0.     0.     0.     0.
     0.     0.     0.     0.     0.     0.     0.     0.     0.     0.
     0.     0.     0.     0.     0.     0.     0.     0.     0.     0.
     0.     0.     0.     0.     0.     0.     0.     0.     0.     0.
     0.     0.     0.     0.     0.  2367.  2396.  2471.  2287.  2497.
  2465.  2551.  2530.  2486.  2485.  2529.  2474.  2416.  2598.  2490.
  2512.  2461.  2582.  2386.  2536.  2476.  2647.  2468.  2492.  2472.
  2461.  2528.  2475.  2513.  2495.  2536.  2483.  2492.  2498.  2586.
  2552.  2496.  2483.  2576.  2454.  2472.  2565.  2551.  2555.  2648.
  2547.  2596.  2500.  2546.  2523.   654.   669.   643.   665.   645.
   647.   646.   642.   674.   641.   626.   663.   614.   687.   677.
   698.   650.   662.   690.   658.   682.   611.   694.   617.   641.
   671.   620.   671.   677.   663.   679.   676.   678.   633.   675.
   707.   653.   619.   685.   627.   644.   631.   668.   703.   670.
   674.   666.   676.   722.   653.]
Total events this file: 63942
Total events saved: 551349, Saved this file: 30799, Finsihed file: /mnt/scratch/micall12/training_files/NuMu_140000_000026_level2_sim3.zst_lt200_NOvertex_IC19.hdf5
[    0.     0.     0.     0.     0.     0.     0.  5399.  6050.  6354.
  6882.  7146.  7582.  7878.  8223.  8378.  8796.  8905.  9171.  9531.
  9713.  9922. 10083. 10146. 10306. 10549. 10781. 10977. 10989. 11218.
 11184. 11367. 11481. 11743. 11661. 11911. 11813. 12053. 12062. 12347.
 12310. 12548. 12426. 12554. 12637.     0.     0.     0.     0.     0.
     0.     0.     0.     0.     0.     0.     0.     0.     0.     0.
     0.     0.     0.     0.     0.     0.     0.     0.     0.     0.
     0.     0.     0.     0.     0.     0.     0.     0.     0.     0.
     0.     0.     0.     0.     0.     0.     0.     0.     0.     0.
     0.     0.     0.     0.     0.  2521.  2550.  2636.  2424.  2647.
  2620.  2708.  2678.  2654.  2632.  2693.  2627.  2577.  2762.  2671.
  2662.  2622.  2747.  2547.  2708.  2655.  2811.  2655.  2644.  2637.
  2628.  2676.  2635.  2680.  2634.  2703.  2632.  2618.  2677.  2748.
  2711.  2651.  2640.  2732.  2616.  2642.  2727.  2730.  2739.  2822.
  2700.  2767.  2657.  2711.  2672.   654.   669.   643.   665.   645.
   647.   646.   642.   674.   641.   626.   663.   614.   687.   677.
   698.   650.   662.   690.   658.   682.   611.   694.   617.   641.
   671.   620.   671.   677.   663.   679.   676.   678.   633.   675.
   707.   653.   619.   685.   627.   644.   631.   668.   703.   670.
   674.   666.   676.   722.   653.]
Total events this file: 64452
Total events saved: 582190, Saved this file: 30841, Finsihed file: /mnt/scratch/micall12/training_files/NuMu_140000_000027_level2_sim3.zst_lt200_NOvertex_IC19.hdf5
[    0.     0.     0.     0.     0.     0.     0.  5718.  6404.  6729.
  7289.  7551.  8024.  8317.  8716.  8852.  9285.  9453.  9671. 10082.
 10307. 10485. 10662. 10790. 10910. 11168. 11385. 11604. 11695. 11834.
 11870. 11998. 12197. 12404. 12360. 12628. 12499. 12725. 12789. 13052.
 13025. 13262. 13185. 13294. 13388.     0.     0.     0.     0.     0.
     0.     0.     0.     0.     0.     0.     0.     0.     0.     0.
     0.     0.     0.     0.     0.     0.     0.     0.     0.     0.
     0.     0.     0.     0.     0.     0.     0.     0.     0.     0.
     0.     0.     0.     0.     0.     0.     0.     0.     0.     0.
     0.     0.     0.     0.     0.  2687.  2704.  2791.  2593.  2822.
  2783.  2851.  2857.  2807.  2795.  2844.  2813.  2734.  2924.  2835.
  2831.  2807.  2900.  2740.  2880.  2842.  2981.  2813.  2806.  2811.
  2800.  2829.  2820.  2854.  2783.  2860.  2804.  2788.  2829.  2904.
  2872.  2808.  2811.  2901.  2780.  2793.  2899.  2913.  2922.  2979.
  2876.  2931.  2816.  2883.  2840.   654.   669.   643.   665.   645.
   647.   646.   642.   674.   641.   626.   663.   614.   687.   677.
   698.   650.   662.   690.   658.   682.   611.   694.   617.   641.
   671.   620.   671.   677.   663.   679.   676.   678.   633.   675.
   707.   653.   619.   685.   627.   644.   631.   668.   703.   670.
   674.   666.   676.   722.   653.]
Total events this file: 63957
Total events saved: 612853, Saved this file: 30663, Finsihed file: /mnt/scratch/micall12/training_files/NuMu_140000_000030_level2_sim3.zst_lt200_NOvertex_IC19.hdf5
[    0.     0.     0.     0.     0.     0.     0.  6029.  6742.  7113.
  7645.  7974.  8504.  8770.  9156.  9366.  9810.  9974. 10241. 10631.
 10837. 11045. 11245. 11446. 11565. 11763. 12046. 12207. 12302. 12547.
 12550. 12668. 12851. 13074. 13055. 13324. 13210. 13473. 13481. 13777.
 13732. 13941. 13919. 14012. 14138.     0.     0.     0.     0.     0.
     0.     0.     0.     0.     0.     0.     0.     0.     0.     0.
     0.     0.     0.     0.     0.     0.     0.     0.     0.     0.
     0.     0.     0.     0.     0.     0.     0.     0.     0.     0.
     0.     0.     0.     0.     0.     0.     0.     0.     0.     0.
     0.     0.     0.     0.     0.  2861.  2854.  2931.  2740.  2981.
  2942.  2998.  3003.  2973.  2947.  3008.  2952.  2923.  3081.  2986.
  2998.  2965.  3054.  2900.  3033.  2999.  3147.  2959.  2953.  2992.
  2955.  2975.  2976.  3029.  2955.  3030.  2971.  2938.  3000.  3071.
  3044.  2997.  2984.  3070.  2942.  2993.  3071.  3077.  3075.  3163.
  3023.  3094.  2972.  3049.  3019.   654.   669.   643.   665.   645.
   647.   646.   642.   674.   641.   626.   663.   614.   687.   677.
   698.   650.   662.   690.   658.   682.   611.   694.   617.   641.
   671.   620.   671.   677.   663.   679.   676.   678.   633.   675.
   707.   653.   619.   685.   627.   644.   631.   668.   703.   670.
   674.   666.   676.   722.   653.]
Total events this file: 58993
Total events saved: 641996, Saved this file: 29143, Finsihed file: /mnt/scratch/micall12/training_files/NuMu_140000_000033_level2_sim3.zst_lt200_NOvertex_IC19.hdf5
[    0.     0.     0.     0.     0.     0.     0.  6357.  7103.  7463.
  8021.  8406.  8931.  9173.  9630.  9863. 10315. 10486. 10766. 11208.
 11384. 11644. 11837. 12032. 12142. 12422. 12653. 12868. 12933. 13234.
 13266. 13293. 13533. 13751. 13712. 14053. 13886. 14202. 14219. 14525.
 14473. 14653. 14644. 14777. 14907.     0.     0.     0.     0.     0.
     0.     0.     0.     0.     0.     0.     0.     0.     0.     0.
     0.     0.     0.     0.     0.     0.     0.     0.     0.     0.
     0.     0.     0.     0.     0.     0.     0.     0.     0.     0.
     0.     0.     0.     0.     0.     0.     0.     0.     0.     0.
     0.     0.     0.     0.     0.  2977.  2985.  3061.  2875.  3094.
  3065.  3103.  3139.  3107.  3086.  3136.  3106.  3033.  3200.  3115.
  3129.  3087.  3191.  3044.  3163.  3141.  3278.  3101.  3104.  3106.
  3084.  3102.  3111.  3158.  3074.  3157.  3101.  3064.  3133.  3203.
  3190.  3106.  3137.  3222.  3071.  3122.  3209.  3203.  3220.  3312.
  3143.  3211.  3106.  3171.  3158.   654.   669.   643.   665.   645.
   647.   646.   642.   674.   641.   626.   663.   614.   687.   677.
   698.   650.   662.   690.   658.   682.   611.   694.   617.   641.
   671.   620.   671.   677.   663.   679.   676.   678.   633.   675.
   707.   653.   619.   685.   627.   644.   631.   668.   703.   670.
   674.   666.   676.   722.   653.]
Total events this file: 58952
Total events saved: 670932, Saved this file: 28936, Finsihed file: /mnt/scratch/micall12/training_files/NuMu_140000_000034_level2_sim3.zst_lt200_NOvertex_IC19.hdf5
[    0.     0.     0.     0.     0.     0.     0.  6697.  7492.  7831.
  8408.  8777.  9380.  9610. 10104. 10394. 10843. 10980. 11314. 11774.
 11970. 12230. 12416. 12654. 12761. 13031. 13332. 13548. 13590. 13853.
 13936. 13927. 14216. 14405. 14432. 14744. 14611. 14932. 14897. 15303.
 15166. 15352. 15349. 15540. 15641.     0.     0.     0.     0.     0.
     0.     0.     0.     0.     0.     0.     0.     0.     0.     0.
     0.     0.     0.     0.     0.     0.     0.     0.     0.     0.
     0.     0.     0.     0.     0.     0.     0.     0.     0.     0.
     0.     0.     0.     0.     0.     0.     0.     0.     0.     0.
     0.     0.     0.     0.     0.  3105.  3112.  3177.  2999.  3228.
  3211.  3230.  3269.  3240.  3222.  3257.  3215.  3148.  3313.  3243.
  3263.  3219.  3307.  3169.  3279.  3277.  3404.  3220.  3223.  3216.
  3203.  3227.  3234.  3266.  3192.  3288.  3225.  3188.  3276.  3334.
  3311.  3231.  3260.  3357.  3194.  3253.  3342.  3327.  3348.  3443.
  3293.  3314.  3225.  3307.  3271.   654.   669.   643.   665.   645.
   647.   646.   642.   674.   641.   626.   663.   614.   687.   677.
   698.   650.   662.   690.   658.   682.   611.   694.   617.   641.
   671.   620.   671.   677.   663.   679.   676.   678.   633.   675.
   707.   653.   619.   685.   627.   644.   631.   668.   703.   670.
   674.   666.   676.   722.   653.]
Total events this file: 38501
Total events saved: 693584, Saved this file: 22652, Finsihed file: /mnt/scratch/micall12/training_files/NuMu_140000_000036_level2_sim3.zst_lt200_NOvertex_IC19.hdf5
[    0.     0.     0.     0.     0.     0.     0.  7018.  7852.  8194.
  8813.  9221.  9809. 10046. 10571. 10922. 11362. 11498. 11857. 12313.
 12524. 12797. 13006. 13301. 13422. 13677. 13991. 14190. 14193. 14551.
 14616. 14617. 14917. 15090. 15099. 15417. 15303. 15644. 15587. 16002.
 15876. 16067. 16086. 16284. 16359.     0.     0.     0.     0.     0.
     0.     0.     0.     0.     0.     0.     0.     0.     0.     0.
     0.     0.     0.     0.     0.     0.     0.     0.     0.     0.
     0.     0.     0.     0.     0.     0.     0.     0.     0.     0.
     0.     0.     0.     0.     0.     0.     0.     0.     0.     0.
     0.     0.     0.     0.     0.  3105.  3112.  3177.  2999.  3228.
  3211.  3230.  3269.  3240.  3222.  3257.  3215.  3148.  3313.  3243.
  3263.  3219.  3307.  3169.  3279.  3277.  3404.  3220.  3223.  3216.
  3203.  3227.  3234.  3266.  3192.  3288.  3225.  3188.  3276.  3334.
  3311.  3231.  3260.  3357.  3194.  3253.  3342.  3327.  3348.  3443.
  3293.  3314.  3225.  3307.  3271.   654.   669.   643.   665.   645.
   647.   646.   642.   674.   641.   626.   663.   614.   687.   677.
   698.   650.   662.   690.   658.   682.   611.   694.   617.   641.
   671.   620.   671.   677.   663.   679.   676.   678.   633.   675.
   707.   653.   619.   685.   627.   644.   631.   668.   703.   670.
   674.   666.   676.   722.   653.]
Total events this file: 64364
Total events saved: 724708, Saved this file: 31124, Finsihed file: /mnt/scratch/micall12/training_files/NuMu_140000_000037_level2_sim3.zst_lt200_NOvertex_IC19.hdf5
[    0.     0.     0.     0.     0.     0.     0.  7362.  8219.  8546.
  9256.  9652. 10222. 10518. 11055. 11434. 11903. 12036. 12398. 12877.
 13032. 13405. 13612. 13880. 14043. 14314. 14665. 14847. 14860. 15245.
 15238. 15299. 15578. 15773. 15824. 16135. 15986. 16376. 16306. 16746.
 16658. 16787. 16829. 17041. 17127.     0.     0.     0.     0.     0.
     0.     0.     0.     0.     0.     0.     0.     0.     0.     0.
     0.     0.     0.     0.     0.     0.     0.     0.     0.     0.
     0.     0.     0.     0.     0.     0.     0.     0.     0.     0.
     0.     0.     0.     0.     0.     0.     0.     0.     0.     0.
     0.     0.     0.     0.     0.  3256.  3276.  3361.  3146.  3383.
  3395.  3396.  3439.  3396.  3365.  3415.  3389.  3306.  3459.  3409.
  3416.  3362.  3463.  3318.  3467.  3465.  3571.  3370.  3376.  3393.
  3371.  3397.  3369.  3450.  3349.  3449.  3388.  3344.  3427.  3505.
  3464.  3393.  3441.  3519.  3354.  3413.  3511.  3486.  3496.  3614.
  3460.  3485.  3410.  3471.  3429.   654.   669.   643.   665.   645.
   647.   646.   642.   674.   641.   626.   663.   614.   687.   677.
   698.   650.   662.   690.   658.   682.   611.   694.   617.   641.
   671.   620.   671.   677.   663.   679.   676.   678.   633.   675.
   707.   653.   619.   685.   627.   644.   631.   668.   703.   670.
   674.   666.   676.   722.   653.]
Total events this file: 92961
Total events saved: 763384, Saved this file: 38676, Finsihed file: /mnt/scratch/micall12/training_files/NuMu_140000_000038_level2_sim3.zst_lt200_NOvertex_IC19.hdf5
[    0.     0.     0.     0.     0.     0.     0.  7706.  8560.  8889.
  9647. 10093. 10640. 10971. 11500. 11929. 12419. 12559. 12927. 13424.
 13594. 13971. 14217. 14492. 14672. 14933. 15269. 15489. 15463. 15955.
 15878. 15977. 16215. 16491. 16478. 16810. 16676. 17091. 16952. 17455.
 17373. 17488. 17553. 17797. 17890.     0.     0.     0.     0.     0.
     0.     0.     0.     0.     0.     0.     0.     0.     0.     0.
     0.     0.     0.     0.     0.     0.     0.     0.     0.     0.
     0.     0.     0.     0.     0.     0.     0.     0.     0.     0.
     0.     0.     0.     0.     0.     0.     0.     0.     0.     0.
     0.     0.     0.     0.     0.  3410.  3439.  3522.  3305.  3551.
  3561.  3549.  3579.  3557.  3516.  3582.  3554.  3444.  3635.  3582.
  3600.  3525.  3607.  3488.  3614.  3621.  3723.  3526.  3521.  3565.
  3553.  3547.  3535.  3625.  3526.  3606.  3567.  3505.  3571.  3662.
  3618.  3537.  3597.  3712.  3511.  3569.  3673.  3658.  3665.  3784.
  3610.  3653.  3566.  3631.  3580.   809.   829.   812.   822.   820.
   805.   834.   785.   846.   796.   800.   821.   782.   861.   838.
   851.   812.   819.   844.   819.   859.   776.   841.   798.   825.
   824.   788.   841.   844.   809.   844.   834.   863.   783.   846.
   864.   833.   774.   870.   787.   817.   801.   819.   876.   837.
   842.   832.   838.   903.   831.]
Total events this file: 64184
Total events saved: 794270, Saved this file: 30886, Finsihed file: /mnt/scratch/micall12/training_files/NuMu_140000_000039_level2_sim3.zst_lt200_NOvertex_IC19.hdf5
[    0.     0.     0.     0.     0.     0.     0.  8023.  8911.  9276.
 10067. 10523. 11060. 11442. 12007. 12422. 12923. 13084. 13482. 13975.
 14156. 14555. 14818. 15070. 15284. 15525. 15879. 16132. 16105. 16577.
 16503. 16657. 16931. 17176. 17185. 17544. 17442. 17817. 17700. 18187.
 18052. 18190. 18300. 18488. 18675.     0.     0.     0.     0.     0.
     0.     0.     0.     0.     0.     0.     0.     0.     0.     0.
     0.     0.     0.     0.     0.     0.     0.     0.     0.     0.
     0.     0.     0.     0.     0.     0.     0.     0.     0.     0.
     0.     0.     0.     0.     0.     0.     0.     0.     0.     0.
     0.     0.     0.     0.     0.  3563.  3593.  3678.  3487.  3727.
  3728.  3701.  3734.  3711.  3683.  3752.  3713.  3621.  3804.  3733.
  3750.  3685.  3790.  3662.  3764.  3790.  3883.  3683.  3677.  3701.
  3695.  3726.  3693.  3814.  3694.  3763.  3720.  3667.  3730.  3828.
  3795.  3709.  3778.  3886.  3654.  3744.  3833.  3849.  3841.  3945.
  3774.  3822.  3722.  3799.  3729.   809.   829.   812.   822.   820.
   805.   834.   785.   846.   796.   800.   821.   782.   861.   838.
   851.   812.   819.   844.   819.   859.   776.   841.   798.   825.
   824.   788.   841.   844.   809.   844.   834.   863.   783.   846.
   864.   833.   774.   870.   787.   817.   801.   819.   876.   837.
   842.   832.   838.   903.   831.]
Total events this file: 64216
Total events saved: 825191, Saved this file: 30921, Finsihed file: /mnt/scratch/micall12/training_files/NuMu_140000_000040_level2_sim3.zst_lt200_NOvertex_IC19.hdf5
[    0.     0.     0.     0.     0.     0.     0.  8354.  9271.  9651.
 10486. 10950. 11486. 11906. 12526. 12911. 13445. 13629. 14031. 14528.
 14705. 15105. 15416. 15705. 15862. 16204. 16553. 16802. 16768. 17200.
 17153. 17343. 17635. 17848. 17851. 18245. 18143. 18554. 18407. 18932.
 18755. 18944. 18949. 19261. 19467.     0.     0.     0.     0.     0.
     0.     0.     0.     0.     0.     0.     0.     0.     0.     0.
     0.     0.     0.     0.     0.     0.     0.     0.     0.     0.
     0.     0.     0.     0.     0.     0.     0.     0.     0.     0.
     0.     0.     0.     0.     0.     0.     0.     0.     0.     0.
     0.     0.     0.     0.     0.  3711.  3755.  3853.  3643.  3880.
  3874.  3869.  3911.  3867.  3854.  3918.  3880.  3763.  3951.  3880.
  3918.  3810.  3967.  3827.  3927.  3956.  4036.  3839.  3846.  3841.
  3867.  3896.  3850.  3975.  3831.  3956.  3917.  3811.  3895.  3991.
  3961.  3860.  3953.  4052.  3822.  3926.  4006.  4017.  4022.  4099.
  3909.  3977.  3867.  3979.  3891.   809.   829.   812.   822.   820.
   805.   834.   785.   846.   796.   800.   821.   782.   861.   838.
   851.   812.   819.   844.   819.   859.   776.   841.   798.   825.
   824.   788.   841.   844.   809.   844.   834.   863.   783.   846.
   864.   833.   774.   870.   787.   817.   801.   819.   876.   837.
   842.   832.   838.   903.   831.]
Total events this file: 64188
Total events saved: 855955, Saved this file: 30764, Finsihed file: /mnt/scratch/micall12/training_files/NuMu_140000_000041_level2_sim3.zst_lt200_NOvertex_IC19.hdf5
[    0.     0.     0.     0.     0.     0.     0.  8657.  9632. 10034.
 10905. 11385. 11921. 12361. 12994. 13411. 13971. 14163. 14593. 15097.
 15258. 15705. 16005. 16346. 16450. 16844. 17217. 17450. 17436. 17885.
 17785. 17965. 18358. 18535. 18562. 18909. 18847. 19216. 19077. 19633.
 19477. 19692. 19674. 19999. 20256.     0.     0.     0.     0.     0.
     0.     0.     0.     0.     0.     0.     0.     0.     0.     0.
     0.     0.     0.     0.     0.     0.     0.     0.     0.     0.
     0.     0.     0.     0.     0.     0.     0.     0.     0.     0.
     0.     0.     0.     0.     0.     0.     0.     0.     0.     0.
     0.     0.     0.     0.     0.  3847.  3913.  4003.  3810.  4050.
  4024.  4011.  4075.  4031.  4036.  4065.  4038.  3957.  4084.  4024.
  4072.  3978.  4152.  3984.  4090.  4130.  4185.  4024.  4004.  3997.
  4028.  4058.  4011.  4134.  3983.  4105.  4090.  3978.  4060.  4138.
  4126.  4026.  4100.  4225.  3980.  4096.  4175.  4187.  4189.  4257.
  4075.  4124.  4032.  4159.  4026.   809.   829.   812.   822.   820.
   805.   834.   785.   846.   796.   800.   821.   782.   861.   838.
   851.   812.   819.   844.   819.   859.   776.   841.   798.   825.
   824.   788.   841.   844.   809.   844.   834.   863.   783.   846.
   864.   833.   774.   870.   787.   817.   801.   819.   876.   837.
   842.   832.   838.   903.   831.]
Total events this file: 64199
Total events saved: 886591, Saved this file: 30636, Finsihed file: /mnt/scratch/micall12/training_files/NuMu_140000_000042_level2_sim3.zst_lt200_NOvertex_IC19.hdf5
[    0.     0.     0.     0.     0.     0.     0.  8994.  9984. 10404.
 11304. 11792. 12337. 12836. 13484. 13944. 14490. 14693. 15167. 15687.
 15826. 16240. 16611. 16952. 17057. 17491. 17815. 18100. 18034. 18583.
 18447. 18644. 18993. 19220. 19221. 19589. 19590. 19919. 19734. 20372.
 20234. 20406. 20367. 20777. 21005.     0.     0.     0.     0.     0.
     0.     0.     0.     0.     0.     0.     0.     0.     0.     0.
     0.     0.     0.     0.     0.     0.     0.     0.     0.     0.
     0.     0.     0.     0.     0.     0.     0.     0.     0.     0.
     0.     0.     0.     0.     0.     0.     0.     0.     0.     0.
     0.     0.     0.     0.     0.  3995.  4057.  4163.  3985.  4215.
  4162.  4163.  4231.  4187.  4184.  4225.  4214.  4109.  4247.  4159.
  4244.  4115.  4321.  4128.  4252.  4282.  4380.  4191.  4169.  4151.
  4174.  4222.  4176.  4314.  4142.  4257.  4274.  4133.  4222.  4307.
  4326.  4141.  4249.  4395.  4146.  4248.  4362.  4354.  4358.  4401.
  4237.  4268.  4202.  4313.  4194.   809.   829.   812.   822.   820.
   805.   834.   785.   846.   796.   800.   821.   782.   861.   838.
   851.   812.   819.   844.   819.   859.   776.   841.   798.   825.
   824.   788.   841.   844.   809.   844.   834.   863.   783.   846.
   864.   833.   774.   870.   787.   817.   801.   819.   876.   837.
   842.   832.   838.   903.   831.]
Total events this file: 63920
Total events saved: 917512, Saved this file: 30921, Finsihed file: /mnt/scratch/micall12/training_files/NuMu_140000_000043_level2_sim3.zst_lt200_NOvertex_IC19.hdf5
[    0.     0.     0.     0.     0.     0.     0.  9325. 10327. 10786.
 11711. 12198. 12798. 13307. 14002. 14411. 15018. 15179. 15746. 16263.
 16414. 16818. 17236. 17549. 17672. 18091. 18424. 18702. 18703. 19276.
 19097. 19315. 19679. 19931. 19890. 20328. 20286. 20646. 20433. 21092.
 20967. 21100. 21104. 21508. 21769.     0.     0.     0.     0.     0.
     0.     0.     0.     0.     0.     0.     0.     0.     0.     0.
     0.     0.     0.     0.     0.     0.     0.     0.     0.     0.
     0.     0.     0.     0.     0.     0.     0.     0.     0.     0.
     0.     0.     0.     0.     0.     0.     0.     0.     0.     0.
     0.     0.     0.     0.     0.  4160.  4220.  4322.  4135.  4371.
  4334.  4323.  4390.  4352.  4357.  4367.  4380.  4280.  4417.  4306.
  4423.  4277.  4501.  4299.  4399.  4464.  4567.  4341.  4333.  4325.
  4345.  4372.  4326.  4451.  4307.  4402.  4434.  4293.  4383.  4464.
  4492.  4313.  4418.  4554.  4309.  4424.  4532.  4522.  4536.  4576.
  4393.  4451.  4346.  4477.  4344.   809.   829.   812.   822.   820.
   805.   834.   785.   846.   796.   800.   821.   782.   861.   838.
   851.   812.   819.   844.   819.   859.   776.   841.   798.   825.
   824.   788.   841.   844.   809.   844.   834.   863.   783.   846.
   864.   833.   774.   870.   787.   817.   801.   819.   876.   837.
   842.   832.   838.   903.   831.]
Total events this file: 64364
Total events saved: 948387, Saved this file: 30875, Finsihed file: /mnt/scratch/micall12/training_files/NuMu_140000_000045_level2_sim3.zst_lt200_NOvertex_IC19.hdf5
[    0.     0.     0.     0.     0.     0.     0.  9620. 10657. 11123.
 12160. 12626. 13241. 13757. 14498. 14911. 15523. 15678. 16269. 16799.
 16989. 17386. 17863. 18115. 18288. 18692. 19050. 19324. 19331. 19942.
 19804. 20009. 20373. 20632. 20573. 21016. 20983. 21415. 21141. 21832.
 21724. 21771. 21835. 22244. 22545.     0.     0.     0.     0.     0.
     0.     0.     0.     0.     0.     0.     0.     0.     0.     0.
     0.     0.     0.     0.     0.     0.     0.     0.     0.     0.
     0.     0.     0.     0.     0.     0.     0.     0.     0.     0.
     0.     0.     0.     0.     0.     0.     0.     0.     0.     0.
     0.     0.     0.     0.     0.  4285.  4396.  4496.  4288.  4517.
  4488.  4501.  4561.  4513.  4524.  4511.  4545.  4442.  4580.  4478.
  4601.  4435.  4653.  4452.  4592.  4635.  4752.  4501.  4517.  4481.
  4504.  4533.  4517.  4587.  4458.  4578.  4606.  4442.  4556.  4624.
  4674.  4468.  4600.  4732.  4482.  4576.  4685.  4704.  4694.  4750.
  4548.  4618.  4494.  4645.  4525.   809.   829.   812.   822.   820.
   805.   834.   785.   846.   796.   800.   821.   782.   861.   838.
   851.   812.   819.   844.   819.   859.   776.   841.   798.   825.
   824.   788.   841.   844.   809.   844.   834.   863.   783.   846.
   864.   833.   774.   870.   787.   817.   801.   819.   876.   837.
   842.   832.   838.   903.   831.]
Total events this file: 64347
Total events saved: 979348, Saved this file: 30961, Finsihed file: /mnt/scratch/micall12/training_files/NuMu_140000_000046_level2_sim3.zst_lt200_NOvertex_IC19.hdf5
[    0.     0.     0.     0.     0.     0.     0.  9930. 10996. 11512.
 12572. 13062. 13646. 14233. 14958. 15427. 16037. 16198. 16799. 17345.
 17521. 17967. 18483. 18691. 18934. 19302. 19693. 19966. 20005. 20622.
 20504. 20703. 21090. 21323. 21247. 21753. 21685. 22139. 21895. 22565.
 22443. 22489. 22522. 22983. 23303.     0.     0.     0.     0.     0.
     0.     0.     0.     0.     0.     0.     0.     0.     0.     0.
     0.     0.     0.     0.     0.     0.     0.     0.     0.     0.
     0.     0.     0.     0.     0.     0.     0.     0.     0.     0.
     0.     0.     0.     0.     0.     0.     0.     0.     0.     0.
     0.     0.     0.     0.     0.  4461.  4552.  4644.  4438.  4679.
  4638.  4666.  4727.  4667.  4687.  4654.  4728.  4615.  4758.  4636.
  4749.  4622.  4826.  4625.  4745.  4818.  4914.  4655.  4661.  4655.
  4662.  4691.  4696.  4747.  4645.  4752.  4762.  4602.  4718.  4778.
  4838.  4611.  4763.  4893.  4621.  4731.  4857.  4885.  4859.  4899.
  4693.  4782.  4681.  4811.  4704.   809.   829.   812.   822.   820.
   805.   834.   785.   846.   796.   800.   821.   782.   861.   838.
   851.   812.   819.   844.   819.   859.   776.   841.   798.   825.
   824.   788.   841.   844.   809.   844.   834.   863.   783.   846.
   864.   833.   774.   870.   787.   817.   801.   819.   876.   837.
   842.   832.   838.   903.   831.]
Total events this file: 64082
Total events saved: 1010269, Saved this file: 30921, Finsihed file: /mnt/scratch/micall12/training_files/NuMu_140000_000049_level2_sim3.zst_lt200_NOvertex_IC19.hdf5
[    0.     0.     0.     0.     0.     0.     0. 10247. 11367. 11885.
 12960. 13497. 14055. 14690. 15418. 15925. 16520. 16744. 17380. 17860.
 18081. 18559. 19066. 19306. 19580. 19958. 20353. 20576. 20679. 21321.
 21210. 21353. 21780. 22001. 21945. 22442. 22415. 22821. 22615. 23263.
 23150. 23168. 23280. 23687. 24092.     0.     0.     0.     0.     0.
     0.     0.     0.     0.     0.     0.     0.     0.     0.     0.
     0.     0.     0.     0.     0.     0.     0.     0.     0.     0.
     0.     0.     0.     0.     0.     0.     0.     0.     0.     0.
     0.     0.     0.     0.     0.     0.     0.     0.     0.     0.
     0.     0.     0.     0.     0.  4610.  4715.  4818.  4638.  4825.
  4826.  4839.  4900.  4827.  4833.  4818.  4880.  4764.  4921.  4800.
  4905.  4796.  4991.  4779.  4917.  4977.  5053.  4797.  4823.  4815.
  4824.  4849.  4892.  4910.  4819.  4911.  4931.  4765.  4891.  4938.
  5006.  4790.  4943.  5046.  4784.  4896.  4999.  5058.  5033.  5059.
  4878.  4947.  4845.  4975.  4860.   809.   829.   812.   822.   820.
   805.   834.   785.   846.   796.   800.   821.   782.   861.   838.
   851.   812.   819.   844.   819.   859.   776.   841.   798.   825.
   824.   788.   841.   844.   809.   844.   834.   863.   783.   846.
   864.   833.   774.   870.   787.   817.   801.   819.   876.   837.
   842.   832.   838.   903.   831.]
Total events this file: 64134
Total events saved: 1041093, Saved this file: 30824, Finsihed file: /mnt/scratch/micall12/training_files/NuMu_140000_000050_level2_sim3.zst_lt200_NOvertex_IC19.hdf5
[    0.     0.     0.     0.     0.     0.     0. 10546. 11703. 12287.
 13372. 13934. 14542. 15133. 15903. 16429. 17020. 17269. 17943. 18400.
 18634. 19174. 19705. 19957. 20207. 20619. 20973. 21177. 21314. 21988.
 21871. 22054. 22478. 22707. 22624. 23136. 23112. 23510. 23301. 23957.
 23885. 23895. 24043. 24409. 24809.     0.     0.     0.     0.     0.
     0.     0.     0.     0.     0.     0.     0.     0.     0.     0.
     0.     0.     0.     0.     0.     0.     0.     0.     0.     0.
     0.     0.     0.     0.     0.     0.     0.     0.     0.     0.
     0.     0.     0.     0.     0.     0.     0.     0.     0.     0.
     0.     0.     0.     0.     0.  4748.  4868.  4993.  4793.  4957.
  4972.  4992.  5057.  5001.  5001.  4964.  5031.  4939.  5079.  4966.
  5073.  4943.  5167.  4944.  5086.  5152.  5231.  4967.  4997.  4989.
  4997.  5012.  5061.  5074.  4957.  5063.  5061.  4935.  5055.  5103.
  5161.  4943.  5110.  5215.  4961.  5045.  5153.  5245.  5179.  5190.
  5065.  5099.  5022.  5125.  5028.   809.   829.   812.   822.   820.
   805.   834.   785.   846.   796.   800.   821.   782.   861.   838.
   851.   812.   819.   844.   819.   859.   776.   841.   798.   825.
   824.   788.   841.   844.   809.   844.   834.   863.   783.   846.
   864.   833.   774.   870.   787.   817.   801.   819.   876.   837.
   842.   832.   838.   903.   831.]
Total events this file: 112609
Total events saved: 1094919, Saved this file: 53826, Finsihed file: /mnt/scratch/micall12/training_files/NuMu_140000_000051_level2_sim3.zst_lt200_NOvertex_IC19.hdf5
[    0.     0.     0.     0.     0.     0.     0. 10852. 12041. 12694.
 13756. 14355. 15010. 15611. 16385. 16941. 17566. 17805. 18476. 18928.
 19255. 19756. 20321. 20579. 20882. 21256. 21589. 21787. 21976. 22611.
 22533. 22706. 23138. 23380. 23316. 23824. 23871. 24253. 23996. 24659.
 24605. 24618. 24802. 25128. 25551.   552.   573.   573.   610.   520.
   573.   594.   646.   556.   599.   650.   609.   631.   596.   607.
   642.   609.   581.   608.   650.   614.   651.   626.   621.   638.
   660.   598.   582.   615.   608.   668.   625.   587.   634.   644.
   634.   624.   614.   670.   634.   655.   658.   639.   584.   657.
   633.   648.   680.   686.   668.  4748.  4868.  4993.  4793.  4957.
  4972.  4992.  5057.  5001.  5001.  4964.  5031.  4939.  5079.  4966.
  5073.  4943.  5167.  4944.  5086.  5152.  5231.  4967.  4997.  4989.
  4997.  5012.  5061.  5074.  4957.  5063.  5061.  4935.  5055.  5103.
  5161.  4943.  5110.  5215.  4961.  5045.  5153.  5245.  5179.  5190.
  5065.  5099.  5022.  5125.  5028.   809.   829.   812.   822.   820.
   805.   834.   785.   846.   796.   800.   821.   782.   861.   838.
   851.   812.   819.   844.   819.   859.   776.   841.   798.   825.
   824.   788.   841.   844.   809.   844.   834.   863.   783.   846.
   864.   833.   774.   870.   787.   817.   801.   819.   876.   837.
   842.   832.   838.   903.   831.]
Total events this file: 67348
Total events saved: 1125820, Saved this file: 30901, Finsihed file: /mnt/scratch/micall12/training_files/NuMu_140000_000052_level2_sim3.zst_lt200_NOvertex_IC19.hdf5
[    0.     0.     0.     0.     0.     0.     0. 11178. 12401. 13078.
 14147. 14766. 15488. 16061. 16894. 17445. 18074. 18343. 19015. 19463.
 19819. 20342. 20904. 21168. 21527. 21897. 22218. 22411. 22602. 23285.
 23204. 23349. 23775. 24065. 24007. 24533. 24544. 24960. 24709. 25396.
 25339. 25382. 25534. 25910. 26330.   552.   573.   573.   610.   520.
   573.   594.   646.   556.   599.   650.   609.   631.   596.   607.
   642.   609.   581.   608.   650.   614.   651.   626.   621.   638.
   660.   598.   582.   615.   608.   668.   625.   587.   634.   644.
   634.   624.   614.   670.   634.   655.   658.   639.   584.   657.
   633.   648.   680.   686.   668.  4748.  4868.  4993.  4793.  4957.
  4972.  4992.  5057.  5001.  5001.  4964.  5031.  4939.  5079.  4966.
  5073.  4943.  5167.  4944.  5086.  5152.  5231.  4967.  4997.  4989.
  4997.  5012.  5061.  5074.  4957.  5063.  5061.  4935.  5055.  5103.
  5161.  4943.  5110.  5215.  4961.  5045.  5153.  5245.  5179.  5190.
  5065.  5099.  5022.  5125.  5028.   968.   984.   950.   974.  1007.
   978.  1015.   942.  1016.   956.   964.   985.   961.  1025.  1011.
  1019.   968.   975.  1010.   978.  1027.   947.   993.   987.   976.
   987.   930.   988.  1003.   963.  1014.  1003.  1026.   956.   996.
  1044.  1024.   952.  1035.   939.   976.   972.   961.  1033.   994.
   998.   977.   997.  1072.   998.]
Total events this file: 38538
Total events saved: 1148382, Saved this file: 22562, Finsihed file: /mnt/scratch/micall12/training_files/NuMu_140000_000053_level2_sim3.zst_lt200_NOvertex_IC19.hdf5
[    0.     0.     0.     0.     0.     0.     0. 11489. 12782. 13459.
 14559. 15195. 15920. 16536. 17368. 17934. 18584. 18874. 19546. 20019.
 20377. 20936. 21460. 21737. 22144. 22481. 22848. 23021. 23234. 23953.
 23846. 23989. 24433. 24777. 24726. 25215. 25259. 25686. 25435. 26110.
 26033. 26080. 26278. 26686. 27116.   552.   573.   573.   610.   520.
   573.   594.   646.   556.   599.   650.   609.   631.   596.   607.
   642.   609.   581.   608.   650.   614.   651.   626.   621.   638.
   660.   598.   582.   615.   608.   668.   625.   587.   634.   644.
   634.   624.   614.   670.   634.   655.   658.   639.   584.   657.
   633.   648.   680.   686.   668.  4748.  4868.  4993.  4793.  4957.
  4972.  4992.  5057.  5001.  5001.  4964.  5031.  4939.  5079.  4966.
  5073.  4943.  5167.  4944.  5086.  5152.  5231.  4967.  4997.  4989.
  4997.  5012.  5061.  5074.  4957.  5063.  5061.  4935.  5055.  5103.
  5161.  4943.  5110.  5215.  4961.  5045.  5153.  5245.  5179.  5190.
  5065.  5099.  5022.  5125.  5028.   968.   984.   950.   974.  1007.
   978.  1015.   942.  1016.   956.   964.   985.   961.  1025.  1011.
  1019.   968.   975.  1010.   978.  1027.   947.   993.   987.   976.
   987.   930.   988.  1003.   963.  1014.  1003.  1026.   956.   996.
  1044.  1024.   952.  1035.   939.   976.   972.   961.  1033.   994.
   998.   977.   997.  1072.   998.]
Total events this file: 111774
Total events saved: 1201663, Saved this file: 53281, Finsihed file: /mnt/scratch/micall12/training_files/NuMu_140000_000055_level2_sim3.zst_lt200_NOvertex_IC19.hdf5
[    0.     0.     0.     0.     0.     0.     0. 11806. 13121. 13817.
 14980. 15600. 16360. 17016. 17868. 18476. 19112. 19419. 20107. 20535.
 20912. 21507. 22043. 22328. 22739. 23120. 23452. 23668. 23863. 24620.
 24501. 24641. 25061. 25414. 25406. 25933. 25988. 26378. 26179. 26828.
 26762. 26800. 27022. 27441. 27848.  1092.  1143.  1127.  1195.  1119.
  1156.  1154.  1267.  1151.  1157.  1245.  1196.  1253.  1216.  1167.
  1237.  1191.  1206.  1215.  1254.  1198.  1242.  1217.  1182.  1256.
  1298.  1239.  1196.  1213.  1240.  1312.  1273.  1253.  1241.  1278.
  1265.  1233.  1267.  1321.  1283.  1285.  1345.  1264.  1208.  1311.
  1303.  1268.  1327.  1361.  1349.  4748.  4868.  4993.  4793.  4957.
  4972.  4992.  5057.  5001.  5001.  4964.  5031.  4939.  5079.  4966.
  5073.  4943.  5167.  4944.  5086.  5152.  5231.  4967.  4997.  4989.
  4997.  5012.  5061.  5074.  4957.  5063.  5061.  4935.  5055.  5103.
  5161.  4943.  5110.  5215.  4961.  5045.  5153.  5245.  5179.  5190.
  5065.  5099.  5022.  5125.  5028.   968.   984.   950.   974.  1007.
   978.  1015.   942.  1016.   956.   964.   985.   961.  1025.  1011.
  1019.   968.   975.  1010.   978.  1027.   947.   993.   987.   976.
   987.   930.   988.  1003.   963.  1014.  1003.  1026.   956.   996.
  1044.  1024.   952.  1035.   939.   976.   972.   961.  1033.   994.
   998.   977.   997.  1072.   998.]
Total events this file: 38513
Total events saved: 1224269, Saved this file: 22606, Finsihed file: /mnt/scratch/micall12/training_files/NuMu_140000_000056_level2_sim3.zst_lt200_NOvertex_IC19.hdf5
[    0.     0.     0.     0.     0.     0.     0. 12128. 13467. 14190.
 15339. 15992. 16783. 17455. 18360. 19009. 19633. 19911. 20668. 21097.
 21475. 22084. 22670. 22908. 23355. 23771. 24064. 24297. 24513. 25233.
 25166. 25289. 25749. 26115. 26080. 26595. 26721. 27094. 26882. 27542.
 27562. 27543. 27817. 28187. 28533.  1092.  1143.  1127.  1195.  1119.
  1156.  1154.  1267.  1151.  1157.  1245.  1196.  1253.  1216.  1167.
  1237.  1191.  1206.  1215.  1254.  1198.  1242.  1217.  1182.  1256.
  1298.  1239.  1196.  1213.  1240.  1312.  1273.  1253.  1241.  1278.
  1265.  1233.  1267.  1321.  1283.  1285.  1345.  1264.  1208.  1311.
  1303.  1268.  1327.  1361.  1349.  4748.  4868.  4993.  4793.  4957.
  4972.  4992.  5057.  5001.  5001.  4964.  5031.  4939.  5079.  4966.
  5073.  4943.  5167.  4944.  5086.  5152.  5231.  4967.  4997.  4989.
  4997.  5012.  5061.  5074.  4957.  5063.  5061.  4935.  5055.  5103.
  5161.  4943.  5110.  5215.  4961.  5045.  5153.  5245.  5179.  5190.
  5065.  5099.  5022.  5125.  5028.   968.   984.   950.   974.  1007.
   978.  1015.   942.  1016.   956.   964.   985.   961.  1025.  1011.
  1019.   968.   975.  1010.   978.  1027.   947.   993.   987.   976.
   987.   930.   988.  1003.   963.  1014.  1003.  1026.   956.   996.
  1044.  1024.   952.  1035.   939.   976.   972.   961.  1033.   994.
   998.   977.   997.  1072.   998.]
Total events this file: 112143
Total events saved: 1278064, Saved this file: 53795, Finsihed file: /mnt/scratch/micall12/training_files/NuMu_140000_000059_level2_sim3.zst_lt200_NOvertex_IC19.hdf5
[    0.     0.     0.     0.     0.     0.     0. 12446. 13846. 14622.
 15733. 16367. 17219. 17930. 18846. 19493. 20129. 20441. 21212. 21653.
 22085. 22657. 23283. 23502. 23970. 24379. 24708. 24960. 25160. 25943.
 25819. 25917. 26432. 26798. 26773. 27292. 27453. 27828. 27629. 28245.
 28314. 28251. 28642. 28883. 29287.  1680.  1697.  1674.  1811.  1658.
  1721.  1757.  1824.  1748.  1777.  1857.  1789.  1845.  1810.  1780.
  1832.  1808.  1822.  1849.  1851.  1787.  1875.  1863.  1851.  1869.
  1936.  1903.  1850.  1836.  1801.  1907.  1896.  1890.  1892.  1942.
  1921.  1876.  1913.  1924.  1885.  1922.  1986.  1913.  1843.  1969.
  1940.  1900.  1961.  2027.  2026.  4748.  4868.  4993.  4793.  4957.
  4972.  4992.  5057.  5001.  5001.  4964.  5031.  4939.  5079.  4966.
  5073.  4943.  5167.  4944.  5086.  5152.  5231.  4967.  4997.  4989.
  4997.  5012.  5061.  5074.  4957.  5063.  5061.  4935.  5055.  5103.
  5161.  4943.  5110.  5215.  4961.  5045.  5153.  5245.  5179.  5190.
  5065.  5099.  5022.  5125.  5028.   968.   984.   950.   974.  1007.
   978.  1015.   942.  1016.   956.   964.   985.   961.  1025.  1011.
  1019.   968.   975.  1010.   978.  1027.   947.   993.   987.   976.
   987.   930.   988.  1003.   963.  1014.  1003.  1026.   956.   996.
  1044.  1024.   952.  1035.   939.   976.   972.   961.  1033.   994.
   998.   977.   997.  1072.   998.]
Total events this file: 112258
Total events saved: 1331782, Saved this file: 53718, Finsihed file: /mnt/scratch/micall12/training_files/NuMu_140000_000060_level2_sim3.zst_lt200_NOvertex_IC19.hdf5
[    0.     0.     0.     0.     0.     0.     0. 12807. 14161. 15014.
 16121. 16772. 17655. 18368. 19332. 20003. 20639. 20980. 21742. 22209.
 22670. 23262. 23863. 24085. 24584. 25006. 25301. 25604. 25791. 26560.
 26519. 26604. 27121. 27521. 27481. 27990. 28128. 28508. 28356. 28945.
 29076. 28984. 29385. 29614. 30026.  2261.  2238.  2250.  2422.  2243.
  2325.  2339.  2425.  2378.  2365.  2459.  2405.  2448.  2432.  2380.
  2429.  2444.  2443.  2408.  2463.  2392.  2493.  2445.  2456.  2490.
  2566.  2450.  2508.  2438.  2467.  2544.  2503.  2529.  2481.  2612.
  2590.  2531.  2540.  2622.  2442.  2562.  2672.  2574.  2526.  2608.
  2614.  2557.  2644.  2681.  2678.  4748.  4868.  4993.  4793.  4957.
  4972.  4992.  5057.  5001.  5001.  4964.  5031.  4939.  5079.  4966.
  5073.  4943.  5167.  4944.  5086.  5152.  5231.  4967.  4997.  4989.
  4997.  5012.  5061.  5074.  4957.  5063.  5061.  4935.  5055.  5103.
  5161.  4943.  5110.  5215.  4961.  5045.  5153.  5245.  5179.  5190.
  5065.  5099.  5022.  5125.  5028.   968.   984.   950.   974.  1007.
   978.  1015.   942.  1016.   956.   964.   985.   961.  1025.  1011.
  1019.   968.   975.  1010.   978.  1027.   947.   993.   987.   976.
   987.   930.   988.  1003.   963.  1014.  1003.  1026.   956.   996.
  1044.  1024.   952.  1035.   939.   976.   972.   961.  1033.   994.
   998.   977.   997.  1072.   998.]
Total events this file: 111718
Total events saved: 1385051, Saved this file: 53269, Finsihed file: /mnt/scratch/micall12/training_files/NuMu_140000_000061_level2_sim3.zst_lt200_NOvertex_IC19.hdf5
[    0.     0.     0.     0.     0.     0.     0. 13127. 14517. 15385.
 16544. 17195. 18120. 18779. 19855. 20530. 21139. 21471. 22273. 22768.
 23265. 23843. 24412. 24668. 25174. 25599. 25929. 26189. 26447. 27219.
 27175. 27273. 27749. 28223. 28201. 28663. 28787. 29227. 29089. 29660.
 29822. 29710. 30103. 30362. 30782.  2827.  2842.  2834.  3042.  2827.
  2888.  2945.  2983.  2961.  2964.  3050.  2992.  3053.  3024.  2944.
  3045.  3052.  3074.  3009.  3088.  2976.  3107.  3034.  3015.  3133.
  3158.  3065.  3171.  3067.  3090.  3202.  3143.  3152.  3100.  3195.
  3197.  3152.  3157.  3264.  3072.  3231.  3349.  3225.  3162.  3252.
  3297.  3189.  3250.  3351.  3354.  4748.  4868.  4993.  4793.  4957.
  4972.  4992.  5057.  5001.  5001.  4964.  5031.  4939.  5079.  4966.
  5073.  4943.  5167.  4944.  5086.  5152.  5231.  4967.  4997.  4989.
  4997.  5012.  5061.  5074.  4957.  5063.  5061.  4935.  5055.  5103.
  5161.  4943.  5110.  5215.  4961.  5045.  5153.  5245.  5179.  5190.
  5065.  5099.  5022.  5125.  5028.   968.   984.   950.   974.  1007.
   978.  1015.   942.  1016.   956.   964.   985.   961.  1025.  1011.
  1019.   968.   975.  1010.   978.  1027.   947.   993.   987.   976.
   987.   930.   988.  1003.   963.  1014.  1003.  1026.   956.   996.
  1044.  1024.   952.  1035.   939.   976.   972.   961.  1033.   994.
   998.   977.   997.  1072.   998.]
Total events this file: 111941
Total events saved: 1438357, Saved this file: 53306, Finsihed file: /mnt/scratch/micall12/training_files/NuMu_140000_000062_level2_sim3.zst_lt200_NOvertex_IC19.hdf5
[    0.     0.     0.     0.     0.     0.     0. 13465. 14865. 15737.
 16923. 17609. 18585. 19231. 20303. 20997. 21624. 21964. 22809. 23312.
 23836. 24432. 25035. 25265. 25762. 26268. 26542. 26848. 27134. 27855.
 27847. 27953. 28428. 28898. 28910. 29337. 29476. 29948. 29748. 30369.
 30569. 30460. 30840. 31140. 31494.  3402.  3438.  3415.  3639.  3390.
  3447.  3545.  3528.  3571.  3551.  3657.  3617.  3657.  3627.  3550.
  3588.  3712.  3712.  3599.  3707.  3545.  3725.  3677.  3632.  3709.
  3748.  3677.  3787.  3691.  3723.  3803.  3840.  3827.  3710.  3791.
  3835.  3768.  3784.  3905.  3689.  3881.  3980.  3836.  3815.  3906.
  3946.  3841.  3895.  3990.  4008.  4748.  4868.  4993.  4793.  4957.
  4972.  4992.  5057.  5001.  5001.  4964.  5031.  4939.  5079.  4966.
  5073.  4943.  5167.  4944.  5086.  5152.  5231.  4967.  4997.  4989.
  4997.  5012.  5061.  5074.  4957.  5063.  5061.  4935.  5055.  5103.
  5161.  4943.  5110.  5215.  4961.  5045.  5153.  5245.  5179.  5190.
  5065.  5099.  5022.  5125.  5028.   968.   984.   950.   974.  1007.
   978.  1015.   942.  1016.   956.   964.   985.   961.  1025.  1011.
  1019.   968.   975.  1010.   978.  1027.   947.   993.   987.   976.
   987.   930.   988.  1003.   963.  1014.  1003.  1026.   956.   996.
  1044.  1024.   952.  1035.   939.   976.   972.   961.  1033.   994.
   998.   977.   997.  1072.   998.]
Total events this file: 111807
Total events saved: 1491550, Saved this file: 53193, Finsihed file: /mnt/scratch/micall12/training_files/NuMu_140000_000063_level2_sim3.zst_lt200_NOvertex_IC19.hdf5
[    0.     0.     0.     0.     0.     0.     0. 13814. 15202. 16089.
 17286. 17996. 19031. 19717. 20757. 21473. 22140. 22464. 23334. 23850.
 24397. 25014. 25615. 25866. 26349. 26892. 27133. 27525. 27780. 28562.
 28469. 28627. 29079. 29594. 29601. 30064. 30191. 30659. 30418. 31127.
 31287. 31186. 31578. 31881. 32197.  3986.  4028.  3956.  4252.  3974.
  4069.  4100.  4124.  4198.  4117.  4221.  4248.  4254.  4207.  4156.
  4181.  4313.  4354.  4193.  4310.  4172.  4350.  4301.  4271.  4324.
  4430.  4302.  4422.  4297.  4321.  4413.  4379.  4423.  4339.  4428.
  4429.  4353.  4430.  4538.  4349.  4475.  4620.  4459.  4497.  4536.
  4642.  4553.  4521.  4631.  4637.  4748.  4868.  4993.  4793.  4957.
  4972.  4992.  5057.  5001.  5001.  4964.  5031.  4939.  5079.  4966.
  5073.  4943.  5167.  4944.  5086.  5152.  5231.  4967.  4997.  4989.
  4997.  5012.  5061.  5074.  4957.  5063.  5061.  4935.  5055.  5103.
  5161.  4943.  5110.  5215.  4961.  5045.  5153.  5245.  5179.  5190.
  5065.  5099.  5022.  5125.  5028.   968.   984.   950.   974.  1007.
   978.  1015.   942.  1016.   956.   964.   985.   961.  1025.  1011.
  1019.   968.   975.  1010.   978.  1027.   947.   993.   987.   976.
   987.   930.   988.  1003.   963.  1014.  1003.  1026.   956.   996.
  1044.  1024.   952.  1035.   939.   976.   972.   961.  1033.   994.
   998.   977.   997.  1072.   998.]
Total events this file: 111686
Total events saved: 1544811, Saved this file: 53261, Finsihed file: /mnt/scratch/micall12/training_files/NuMu_140000_000064_level2_sim3.zst_lt200_NOvertex_IC19.hdf5
[    0.     0.     0.     0.     0.     0.     0. 14158. 15538. 16469.
 17671. 18432. 19426. 20163. 21222. 21940. 22601. 23000. 23866. 24408.
 24959. 25555. 26200. 26435. 26932. 27541. 27781. 28194. 28498. 29230.
 29150. 29254. 29792. 30273. 30291. 30773. 30935. 31349. 31093. 31859.
 32012. 31943. 32298. 32639. 32939.  4555.  4575.  4501.  4785.  4588.
  4615.  4656.  4730.  4792.  4710.  4755.  4851.  4854.  4813.  4803.
  4785.  4901.  4978.  4818.  4903.  4752.  4977.  4885.  4847.  4939.
  5058.  4902.  5048.  4927.  4957.  5039.  5036.  5060.  4968.  5072.
  5069.  4994.  5122.  5176.  5000.  5105.  5275.  5045.  5116.  5182.
  5311.  5221.  5197.  5253.  5268.  4748.  4868.  4993.  4793.  4957.
  4972.  4992.  5057.  5001.  5001.  4964.  5031.  4939.  5079.  4966.
  5073.  4943.  5167.  4944.  5086.  5152.  5231.  4967.  4997.  4989.
  4997.  5012.  5061.  5074.  4957.  5063.  5061.  4935.  5055.  5103.
  5161.  4943.  5110.  5215.  4961.  5045.  5153.  5245.  5179.  5190.
  5065.  5099.  5022.  5125.  5028.   968.   984.   950.   974.  1007.
   978.  1015.   942.  1016.   956.   964.   985.   961.  1025.  1011.
  1019.   968.   975.  1010.   978.  1027.   947.   993.   987.   976.
   987.   930.   988.  1003.   963.  1014.  1003.  1026.   956.   996.
  1044.  1024.   952.  1035.   939.   976.   972.   961.  1033.   994.
   998.   977.   997.  1072.   998.]
Total events this file: 111923
Total events saved: 1598116, Saved this file: 53305, Finsihed file: /mnt/scratch/micall12/training_files/NuMu_140000_000065_level2_sim3.zst_lt200_NOvertex_IC19.hdf5
[    0.     0.     0.     0.     0.     0.     0. 14476. 15874. 16873.
 18063. 18846. 19878. 20598. 21665. 22432. 23106. 23545. 24385. 24964.
 25548. 26136. 26807. 27062. 27550. 28172. 28394. 28825. 29121. 29897.
 29824. 29954. 30528. 30946. 31033. 31471. 31653. 32067. 31852. 32575.
 32696. 32637. 33062. 33372. 33650.  5111.  5174.  5101.  5373.  5158.
  5209.  5281.  5289.  5370.  5282.  5359.  5450.  5465.  5416.  5402.
  5398.  5520.  5580.  5375.  5539.  5330.  5597.  5470.  5470.  5566.
  5677.  5478.  5638.  5514.  5607.  5645.  5709.  5657.  5582.  5685.
  5689.  5616.  5755.  5789.  5662.  5744.  5900.  5666.  5754.  5856.
  5922.  5904.  5851.  5867.  5904.  4748.  4868.  4993.  4793.  4957.
  4972.  4992.  5057.  5001.  5001.  4964.  5031.  4939.  5079.  4966.
  5073.  4943.  5167.  4944.  5086.  5152.  5231.  4967.  4997.  4989.
  4997.  5012.  5061.  5074.  4957.  5063.  5061.  4935.  5055.  5103.
  5161.  4943.  5110.  5215.  4961.  5045.  5153.  5245.  5179.  5190.
  5065.  5099.  5022.  5125.  5028.   968.   984.   950.   974.  1007.
   978.  1015.   942.  1016.   956.   964.   985.   961.  1025.  1011.
  1019.   968.   975.  1010.   978.  1027.   947.   993.   987.   976.
   987.   930.   988.  1003.   963.  1014.  1003.  1026.   956.   996.
  1044.  1024.   952.  1035.   939.   976.   972.   961.  1033.   994.
   998.   977.   997.  1072.   998.]
Total events this file: 112378
Total events saved: 1651972, Saved this file: 53856, Finsihed file: /mnt/scratch/micall12/training_files/NuMu_140000_000067_level2_sim3.zst_lt200_NOvertex_IC19.hdf5
[    0.     0.     0.     0.     0.     0.     0. 14817. 16225. 17238.
 18478. 19294. 20317. 21068. 22144. 22947. 23607. 24058. 24885. 25520.
 26132. 26717. 27438. 27652. 28138. 28786. 29003. 29449. 29788. 30597.
 30473. 30649. 31225. 31652. 31733. 32213. 32332. 32813. 32610. 33345.
 33417. 33389. 33838. 34130. 34405.  5694.  5738.  5675.  5954.  5737.
  5804.  5907.  5862.  5959.  5865.  5969.  6025.  6070.  6000.  5996.
  5988.  6125.  6202.  6001.  6135.  5984.  6208.  6125.  6117.  6207.
  6288.  6077.  6262.  6128.  6215.  6293.  6297.  6265.  6176.  6320.
  6347.  6232.  6404.  6415.  6327.  6423.  6540.  6306.  6410.  6541.
  6568.  6530.  6487.  6513.  6516.  4748.  4868.  4993.  4793.  4957.
  4972.  4992.  5057.  5001.  5001.  4964.  5031.  4939.  5079.  4966.
  5073.  4943.  5167.  4944.  5086.  5152.  5231.  4967.  4997.  4989.
  4997.  5012.  5061.  5074.  4957.  5063.  5061.  4935.  5055.  5103.
  5161.  4943.  5110.  5215.  4961.  5045.  5153.  5245.  5179.  5190.
  5065.  5099.  5022.  5125.  5028.   968.   984.   950.   974.  1007.
   978.  1015.   942.  1016.   956.   964.   985.   961.  1025.  1011.
  1019.   968.   975.  1010.   978.  1027.   947.   993.   987.   976.
   987.   930.   988.  1003.   963.  1014.  1003.  1026.   956.   996.
  1044.  1024.   952.  1035.   939.   976.   972.   961.  1033.   994.
   998.   977.   997.  1072.   998.]
Total events this file: 102673
Total events saved: 1691218, Saved this file: 39246, Finsihed file: /mnt/scratch/micall12/training_files/NuMu_140000_000070_level2_sim3.zst_lt200_NOvertex_IC19.hdf5
[    0.     0.     0.     0.     0.     0.     0. 14817. 16225. 17238.
 18478. 19294. 20317. 21068. 22144. 22947. 23607. 24058. 24885. 25520.
 26132. 26717. 27438. 27652. 28138. 28786. 29003. 29449. 29788. 30597.
 30473. 30649. 31225. 31652. 31733. 32213. 32332. 32813. 32610. 33345.
 33417. 33389. 33838. 34130. 34405.  6259.  6322.  6237.  6514.  6351.
  6398.  6506.  6415.  6566.  6447.  6553.  6614.  6630.  6568.  6614.
  6590.  6745.  6850.  6585.  6739.  6617.  6758.  6740.  6749.  6830.
  6935.  6729.  6888.  6739.  6857.  6905.  6877.  6915.  6827.  6955.
  6962.  6859.  7057.  7113.  6982.  7041.  7179.  6944.  7014.  7229.
  7246.  7173.  7176.  7170.  7147.  4748.  4868.  4993.  4793.  4957.
  4972.  4992.  5057.  5001.  5001.  4964.  5031.  4939.  5079.  4966.
  5073.  4943.  5167.  4944.  5086.  5152.  5231.  4967.  4997.  4989.
  4997.  5012.  5061.  5074.  4957.  5063.  5061.  4935.  5055.  5103.
  5161.  4943.  5110.  5215.  4961.  5045.  5153.  5245.  5179.  5190.
  5065.  5099.  5022.  5125.  5028.  1139.  1140.  1116.  1135.  1181.
  1150.  1163.  1106.  1185.  1117.  1119.  1164.  1123.  1189.  1183.
  1178.  1125.  1157.  1186.  1147.  1166.  1120.  1177.  1166.  1147.
  1174.  1097.  1147.  1178.  1132.  1187.  1191.  1211.  1121.  1168.
  1214.  1177.  1117.  1211.  1112.  1135.  1125.  1107.  1229.  1152.
  1145.  1139.  1168.  1236.  1159.]
Total events this file: 111491
Total events saved: 1744817, Saved this file: 53599, Finsihed file: /mnt/scratch/micall12/training_files/NuMu_140000_000071_level2_sim3.zst_lt200_NOvertex_IC19.hdf5
[    0.     0.     0.     0.     0.     0.     0. 15144. 16567. 17627.
 18902. 19694. 20759. 21537. 22606. 23440. 24101. 24609. 25387. 26077.
 26734. 27300. 28044. 28246. 28764. 29422. 29627. 30096. 30437. 31268.
 31174. 31320. 31893. 32339. 32442. 32899. 33093. 33531. 33323. 34084.
 34148. 34097. 34600. 34861. 35141.  6808.  6918.  6759.  7065.  6964.
  6960.  7120.  6988.  7141.  7032.  7150.  7168.  7246.  7158.  7204.
  7210.  7360.  7485.  7165.  7342.  7224.  7396.  7328.  7396.  7472.
  7540.  7346.  7536.  7374.  7541.  7518.  7469.  7562.  7455.  7612.
  7606.  7494.  7691.  7777.  7602.  7666.  7833.  7605.  7680.  7832.
  7923.  7810.  7751.  7806.  7816.  4748.  4868.  4993.  4793.  4957.
  4972.  4992.  5057.  5001.  5001.  4964.  5031.  4939.  5079.  4966.
  5073.  4943.  5167.  4944.  5086.  5152.  5231.  4967.  4997.  4989.
  4997.  5012.  5061.  5074.  4957.  5063.  5061.  4935.  5055.  5103.
  5161.  4943.  5110.  5215.  4961.  5045.  5153.  5245.  5179.  5190.
  5065.  5099.  5022.  5125.  5028.  1139.  1140.  1116.  1135.  1181.
  1150.  1163.  1106.  1185.  1117.  1119.  1164.  1123.  1189.  1183.
  1178.  1125.  1157.  1186.  1147.  1166.  1120.  1177.  1166.  1147.
  1174.  1097.  1147.  1178.  1132.  1187.  1191.  1211.  1121.  1168.
  1214.  1177.  1117.  1211.  1112.  1135.  1125.  1107.  1229.  1152.
  1145.  1139.  1168.  1236.  1159.]
Total events this file: 102800
Total events saved: 1784077, Saved this file: 39260, Finsihed file: /mnt/scratch/micall12/training_files/NuMu_140000_000072_level2_sim3.zst_lt200_NOvertex_IC19.hdf5
[    0.     0.     0.     0.     0.     0.     0. 15144. 16567. 17627.
 18902. 19694. 20759. 21537. 22606. 23440. 24101. 24609. 25387. 26077.
 26734. 27300. 28044. 28246. 28764. 29422. 29627. 30096. 30437. 31268.
 31174. 31320. 31893. 32339. 32442. 32899. 33093. 33531. 33323. 34084.
 34148. 34097. 34600. 34861. 35141.  7355.  7516.  7327.  7670.  7549.
  7549.  7685.  7595.  7744.  7616.  7738.  7769.  7827.  7767.  7848.
  7822.  7963.  8105.  7766.  7968.  7821.  8008.  7981.  8044.  8069.
  8177.  8000.  8131.  7997.  8227.  8139.  8101.  8238.  8059.  8257.
  8257.  8117.  8280.  8385.  8202.  8289.  8464.  8270.  8285.  8500.
  8560.  8478.  8383.  8468.  8441.  4748.  4868.  4993.  4793.  4957.
  4972.  4992.  5057.  5001.  5001.  4964.  5031.  4939.  5079.  4966.
  5073.  4943.  5167.  4944.  5086.  5152.  5231.  4967.  4997.  4989.
  4997.  5012.  5061.  5074.  4957.  5063.  5061.  4935.  5055.  5103.
  5161.  4943.  5110.  5215.  4961.  5045.  5153.  5245.  5179.  5190.
  5065.  5099.  5022.  5125.  5028.  1297.  1318.  1274.  1289.  1344.
  1300.  1340.  1260.  1349.  1296.  1279.  1319.  1302.  1368.  1351.
  1356.  1296.  1333.  1359.  1294.  1339.  1267.  1361.  1336.  1326.
  1339.  1261.  1321.  1381.  1305.  1337.  1354.  1395.  1280.  1329.
  1384.  1352.  1268.  1357.  1297.  1302.  1290.  1271.  1395.  1310.
  1319.  1295.  1332.  1414.  1327.]
Total events this file: 111701
Total events saved: 1837464, Saved this file: 53387, Finsihed file: /mnt/scratch/micall12/training_files/NuMu_140000_000073_level2_sim3.zst_lt200_NOvertex_IC19.hdf5
[    0.     0.     0.     0.     0.     0.     0. 15484. 16919. 18018.
 19304. 20112. 21180. 21987. 23113. 23924. 24580. 25151. 25925. 26640.
 27309. 27898. 28653. 28821. 29362. 30025. 30262. 30724. 31075. 31926.
 31831. 32012. 32560. 33053. 33075. 33539. 33820. 34215. 34042. 34845.
 34858. 34830. 35319. 35591. 35853.  7878.  8116.  7887.  8250.  8143.
  8113.  8271.  8140.  8316.  8170.  8315.  8365.  8434.  8382.  8420.
  8436.  8586.  8752.  8374.  8573.  8394.  8656.  8611.  8670.  8706.
  8752.  8605.  8766.  8629.  8880.  8744.  8774.  8864.  8739.  8915.
  8876.  8781.  8950.  9055.  8844.  8960.  9119.  8904.  8914.  9147.
  9168.  9174.  8985.  9119.  9070.  4748.  4868.  4993.  4793.  4957.
  4972.  4992.  5057.  5001.  5001.  4964.  5031.  4939.  5079.  4966.
  5073.  4943.  5167.  4944.  5086.  5152.  5231.  4967.  4997.  4989.
  4997.  5012.  5061.  5074.  4957.  5063.  5061.  4935.  5055.  5103.
  5161.  4943.  5110.  5215.  4961.  5045.  5153.  5245.  5179.  5190.
  5065.  5099.  5022.  5125.  5028.  1297.  1318.  1274.  1289.  1344.
  1300.  1340.  1260.  1349.  1296.  1279.  1319.  1302.  1368.  1351.
  1356.  1296.  1333.  1359.  1294.  1339.  1267.  1361.  1336.  1326.
  1339.  1261.  1321.  1381.  1305.  1337.  1354.  1395.  1280.  1329.
  1384.  1352.  1268.  1357.  1297.  1302.  1290.  1271.  1395.  1310.
  1319.  1295.  1332.  1414.  1327.]
Total events this file: 111930
Total events saved: 1890551, Saved this file: 53087, Finsihed file: /mnt/scratch/micall12/training_files/NuMu_140000_000076_level2_sim3.zst_lt200_NOvertex_IC19.hdf5
[    0.     0.     0.     0.     0.     0.     0. 15834. 17287. 18367.
 19702. 20499. 21634. 22413. 23601. 24428. 25105. 25662. 26424. 27162.
 27893. 28484. 29246. 29406. 30006. 30648. 30889. 31342. 31739. 32569.
 32503. 32688. 33216. 33740. 33691. 34211. 34480. 34887. 34771. 35521.
 35573. 35571. 36039. 36325. 36614.  8434.  8695.  8491.  8807.  8700.
  8657.  8896.  8737.  8920.  8713.  8967.  8986.  9003.  8997.  9015.
  9038.  9198.  9351.  8973.  9131.  9054.  9285.  9267.  9263.  9376.
  9360.  9228.  9377.  9227.  9465.  9363.  9415.  9527.  9357.  9549.
  9522.  9437.  9559.  9657.  9492.  9633.  9727.  9555.  9574.  9781.
  9803.  9820.  9594.  9758.  9710.  4748.  4868.  4993.  4793.  4957.
  4972.  4992.  5057.  5001.  5001.  4964.  5031.  4939.  5079.  4966.
  5073.  4943.  5167.  4944.  5086.  5152.  5231.  4967.  4997.  4989.
  4997.  5012.  5061.  5074.  4957.  5063.  5061.  4935.  5055.  5103.
  5161.  4943.  5110.  5215.  4961.  5045.  5153.  5245.  5179.  5190.
  5065.  5099.  5022.  5125.  5028.  1297.  1318.  1274.  1289.  1344.
  1300.  1340.  1260.  1349.  1296.  1279.  1319.  1302.  1368.  1351.
  1356.  1296.  1333.  1359.  1294.  1339.  1267.  1361.  1336.  1326.
  1339.  1261.  1321.  1381.  1305.  1337.  1354.  1395.  1280.  1329.
  1384.  1352.  1268.  1357.  1297.  1302.  1290.  1271.  1395.  1310.
  1319.  1295.  1332.  1414.  1327.]
Total events this file: 111935
Total events saved: 1944355, Saved this file: 53804, Finsihed file: /mnt/scratch/micall12/training_files/NuMu_140000_000078_level2_sim3.zst_lt200_NOvertex_IC19.hdf5
[    0.     0.     0.     0.     0.     0.     0. 16174. 17641. 18740.
 20101. 20922. 22114. 22910. 24072. 24939. 25632. 26203. 26973. 27749.
 28457. 29073. 29876. 30001. 30644. 31312. 31544. 31996. 32376. 33188.
 33105. 33353. 33962. 34419. 34380. 34890. 35221. 35586. 35481. 36185.
 36308. 36276. 36794. 37053. 37364.  8977.  9242.  9044.  9403.  9291.
  9229.  9497.  9339.  9518.  9317.  9513.  9571.  9604.  9621.  9665.
  9621.  9771.  9952.  9605.  9732.  9657.  9884.  9884.  9857.  9990.
  9974.  9884. 10030.  9850. 10107.  9972. 10052. 10163.  9989. 10205.
 10134. 10081. 10217. 10287. 10108. 10298. 10362. 10210. 10262. 10471.
 10466. 10494. 10262. 10387. 10355.  4748.  4868.  4993.  4793.  4957.
  4972.  4992.  5057.  5001.  5001.  4964.  5031.  4939.  5079.  4966.
  5073.  4943.  5167.  4944.  5086.  5152.  5231.  4967.  4997.  4989.
  4997.  5012.  5061.  5074.  4957.  5063.  5061.  4935.  5055.  5103.
  5161.  4943.  5110.  5215.  4961.  5045.  5153.  5245.  5179.  5190.
  5065.  5099.  5022.  5125.  5028.  1297.  1318.  1274.  1289.  1344.
  1300.  1340.  1260.  1349.  1296.  1279.  1319.  1302.  1368.  1351.
  1356.  1296.  1333.  1359.  1294.  1339.  1267.  1361.  1336.  1326.
  1339.  1261.  1321.  1381.  1305.  1337.  1354.  1395.  1280.  1329.
  1384.  1352.  1268.  1357.  1297.  1302.  1290.  1271.  1395.  1310.
  1319.  1295.  1332.  1414.  1327.]
Total events this file: 102306
Total events saved: 1983453, Saved this file: 39098, Finsihed file: /mnt/scratch/micall12/training_files/NuMu_140000_000082_level2_sim3.zst_lt200_NOvertex_IC19.hdf5
[    0.     0.     0.     0.     0.     0.     0. 16174. 17641. 18740.
 20101. 20922. 22114. 22910. 24072. 24939. 25632. 26203. 26973. 27749.
 28457. 29073. 29876. 30001. 30644. 31312. 31544. 31996. 32376. 33188.
 33105. 33353. 33962. 34419. 34380. 34890. 35221. 35586. 35481. 36185.
 36308. 36276. 36794. 37053. 37364.  9562.  9813.  9651. 10023.  9843.
  9830. 10073.  9921. 10095.  9907. 10113. 10169. 10180. 10225. 10253.
 10200. 10381. 10576. 10224. 10325. 10307. 10464. 10483. 10474. 10672.
 10586. 10527. 10662. 10473. 10725. 10627. 10652. 10756. 10597. 10829.
 10740. 10697. 10825. 10925. 10741. 10967. 11017. 10833. 10880. 11133.
 11110. 11173. 10885. 11054. 10970.  4748.  4868.  4993.  4793.  4957.
  4972.  4992.  5057.  5001.  5001.  4964.  5031.  4939.  5079.  4966.
  5073.  4943.  5167.  4944.  5086.  5152.  5231.  4967.  4997.  4989.
  4997.  5012.  5061.  5074.  4957.  5063.  5061.  4935.  5055.  5103.
  5161.  4943.  5110.  5215.  4961.  5045.  5153.  5245.  5179.  5190.
  5065.  5099.  5022.  5125.  5028.  1434.  1471.  1434.  1450.  1523.
  1475.  1497.  1417.  1527.  1457.  1449.  1461.  1466.  1537.  1515.
  1514.  1460.  1507.  1523.  1486.  1492.  1439.  1551.  1518.  1491.
  1493.  1439.  1507.  1565.  1492.  1514.  1511.  1575.  1428.  1509.
  1564.  1489.  1426.  1538.  1437.  1473.  1484.  1441.  1564.  1478.
  1490.  1452.  1493.  1579.  1487.]
Total events this file: 111540
Total events saved: 2036907, Saved this file: 53454, Finsihed file: /mnt/scratch/micall12/training_files/NuMu_140000_000084_level2_sim3.zst_lt200_NOvertex_IC19.hdf5
[    0.     0.     0.     0.     0.     0.     0. 16485. 17979. 19116.
 20499. 21361. 22567. 23377. 24545. 25409. 26152. 26726. 27524. 28270.
 29042. 29661. 30456. 30615. 31276. 31894. 32147. 32626. 33029. 33860.
 33741. 34021. 34647. 35127. 35048. 35575. 35916. 36299. 36162. 36908.
 37024. 36983. 37532. 37785. 38113. 10140. 10375. 10198. 10596. 10436.
 10453. 10678. 10542. 10684. 10532. 10664. 10756. 10784. 10831. 10837.
 10798. 10956. 11177. 10862. 10923. 10916. 11058. 11099. 11101. 11249.
 11200. 11185. 11313. 11055. 11332. 11265. 11281. 11402. 11250. 11448.
 11394. 11374. 11441. 11583. 11383. 11603. 11666. 11487. 11511. 11784.
 11728. 11862. 11558. 11719. 11650.  4748.  4868.  4993.  4793.  4957.
  4972.  4992.  5057.  5001.  5001.  4964.  5031.  4939.  5079.  4966.
  5073.  4943.  5167.  4944.  5086.  5152.  5231.  4967.  4997.  4989.
  4997.  5012.  5061.  5074.  4957.  5063.  5061.  4935.  5055.  5103.
  5161.  4943.  5110.  5215.  4961.  5045.  5153.  5245.  5179.  5190.
  5065.  5099.  5022.  5125.  5028.  1434.  1471.  1434.  1450.  1523.
  1475.  1497.  1417.  1527.  1457.  1449.  1461.  1466.  1537.  1515.
  1514.  1460.  1507.  1523.  1486.  1492.  1439.  1551.  1518.  1491.
  1493.  1439.  1507.  1565.  1492.  1514.  1511.  1575.  1428.  1509.
  1564.  1489.  1426.  1538.  1437.  1473.  1484.  1441.  1564.  1478.
  1490.  1452.  1493.  1579.  1487.]
Total events this file: 98726
Total events saved: 2075745, Saved this file: 38838, Finsihed file: /mnt/scratch/micall12/training_files/NuMu_140000_000099_level2_sim3.zst_lt200_NOvertex_IC19.hdf5
[    0.     0.     0.     0.     0.     0.     0. 16485. 17979. 19116.
 20499. 21361. 22567. 23377. 24545. 25409. 26152. 26726. 27524. 28270.
 29042. 29661. 30456. 30615. 31276. 31894. 32147. 32626. 33029. 33860.
 33741. 34021. 34647. 35127. 35048. 35575. 35916. 36299. 36162. 36908.
 37024. 36983. 37532. 37785. 38113. 10690. 10913. 10818. 11188. 11019.
 11063. 11261. 11127. 11229. 11095. 11280. 11314. 11401. 11433. 11405.
 11363. 11560. 11742. 11534. 11527. 11512. 11692. 11668. 11724. 11868.
 11832. 11851. 11962. 11711. 11951. 11890. 11899. 12020. 11892. 12049.
 12016. 12038. 12138. 12203. 12023. 12230. 12298. 12119. 12191. 12454.
 12353. 12511. 12214. 12336. 12293.  4904.  5047.  5147.  4960.  5105.
  5145.  5126.  5201.  5158.  5183.  5137.  5165.  5090.  5221.  5107.
  5278.  5115.  5336.  5086.  5238.  5334.  5386.  5116.  5172.  5165.
  5169.  5169.  5207.  5241.  5125.  5240.  5217.  5101.  5211.  5283.
  5320.  5138.  5275.  5377.  5126.  5184.  5324.  5405.  5331.  5337.
  5225.  5261.  5137.  5308.  5193.  1434.  1471.  1434.  1450.  1523.
  1475.  1497.  1417.  1527.  1457.  1449.  1461.  1466.  1537.  1515.
  1514.  1460.  1507.  1523.  1486.  1492.  1439.  1551.  1518.  1491.
  1493.  1439.  1507.  1565.  1492.  1514.  1511.  1575.  1428.  1509.
  1564.  1489.  1426.  1538.  1437.  1473.  1484.  1441.  1564.  1478.
  1490.  1452.  1493.  1579.  1487.]
[    0.     0.     0.     0.     0.     0.     0. 16485. 17979. 19116.
 20499. 21361. 22567. 23377. 24545. 25409. 26152. 26726. 27524. 28270.
 29042. 29661. 30456. 30615. 31276. 31894. 32147. 32626. 33029. 33860.
 33741. 34021. 34647. 35127. 35048. 35575. 35916. 36299. 36162. 36908.
 37024. 36983. 37532. 37785. 38113. 10690. 10913. 10818. 11188. 11019.
 11063. 11261. 11127. 11229. 11095. 11280. 11314. 11401. 11433. 11405.
 11363. 11560. 11742. 11534. 11527. 11512. 11692. 11668. 11724. 11868.
 11832. 11851. 11962. 11711. 11951. 11890. 11899. 12020. 11892. 12049.
 12016. 12038. 12138. 12203. 12023. 12230. 12298. 12119. 12191. 12454.
 12353. 12511. 12214. 12336. 12293.  4904.  5047.  5147.  4960.  5105.
  5145.  5126.  5201.  5158.  5183.  5137.  5165.  5090.  5221.  5107.
  5278.  5115.  5336.  5086.  5238.  5334.  5386.  5116.  5172.  5165.
  5169.  5169.  5207.  5241.  5125.  5240.  5217.  5101.  5211.  5283.
  5320.  5138.  5275.  5377.  5126.  5184.  5324.  5405.  5331.  5337.
  5225.  5261.  5137.  5308.  5193.  1434.  1471.  1434.  1450.  1523.
  1475.  1497.  1417.  1527.  1457.  1449.  1461.  1466.  1537.  1515.
  1514.  1460.  1507.  1523.  1486.  1492.  1439.  1551.  1518.  1491.
  1493.  1439.  1507.  1565.  1492.  1514.  1511.  1575.  1428.  1509.
  1564.  1489.  1426.  1538.  1437.  1473.  1484.  1441.  1564.  1478.
  1490.  1452.  1493.  1579.  1487.]
Total events saved: 2075745
I put evnts 0 - 2075745 into /mnt/scratch/micall12/training_files/NuMu_140000_level2_sim3_IC19_start_IC7lt200_CC_start_IC7_all_end_flat_195bins_42953evtperbin.hdf5
