Keeping CC event types
Saving PEGLEG info: False 
Bin size: 1.000000 GeV 
Max Count Per Bin: 26659 events 
Energy Range: 5.000000 - 150.000000 
Starting cut: old_start_DC 
Ending cut: all_end 
Shuffling: False 
Keeping event types: CC
Total events this file: 146918
Total events saved: 27533, Saved this file: 27533, Finsihed file: /mnt/scratch/micall12/training_files/NuMu_140000_000150_level2_sim4.zst_lt200_NOvertex_IC19.hdf5
[  0.   0.   0.   0.   0.   0.   0. 185. 215. 233. 259. 256. 275. 247.
 274. 246. 269. 294. 309. 269. 286. 311. 330. 303. 319. 336. 310. 288.
 340. 335. 337. 351. 347. 322. 316. 352. 322. 343. 344. 344. 343. 338.
 362. 314. 347. 234. 265. 243. 283. 274. 251. 266. 287. 281. 282. 260.
 276. 309. 265. 304. 254. 258. 301. 241. 266. 292. 281. 265. 296. 296.
 236. 269. 261. 276. 302. 245. 293. 276. 287. 289. 257. 269. 249. 287.
 276. 268. 283. 264. 279. 275. 270. 275. 285. 262. 244.  48.  43.  46.
  52.  42.  43.  50.  47.  51.  50.  40.  42.  41.  45.  33.  50.  46.
  57.  44.  55.  45.  43.  56.  53.  54.  41.  52.  46.  53.  43.  45.
  41.  45.  42.  39.  45.  45.  55.  52.  62.  45.  45.  57.  42.  40.
  57.  43.  58.  39.  47.]
Total events this file: 156446
Total events saved: 53031, Saved this file: 25498, Finsihed file: /mnt/scratch/micall12/training_files/NuMu_140000_000151_level2_sim4.zst_lt200_NOvertex_IC19.hdf5
[  0.   0.   0.   0.   0.   0.   0. 386. 434. 482. 499. 487. 539. 518.
 547. 546. 583. 597. 603. 567. 618. 620. 653. 625. 680. 667. 642. 608.
 646. 648. 659. 669. 683. 662. 664. 682. 701. 661. 687. 671. 672. 669.
 733. 650. 703. 506. 517. 512. 556. 508. 507. 517. 572. 534. 542. 553.
 552. 566. 531. 563. 558. 537. 551. 498. 561. 571. 556. 558. 574. 570.
 510. 551. 531. 539. 591. 533. 554. 536. 581. 578. 515. 548. 516. 589.
 545. 553. 570. 560. 533. 575. 546. 535. 571. 545. 540.  48.  43.  46.
  52.  42.  43.  50.  47.  51.  50.  40.  42.  41.  45.  33.  50.  46.
  57.  44.  55.  45.  43.  56.  53.  54.  41.  52.  46.  53.  43.  45.
  41.  45.  42.  39.  45.  45.  55.  52.  62.  45.  45.  57.  42.  40.
  57.  43.  58.  39.  47.]
Total events this file: 82617
Total events saved: 66163, Saved this file: 13132, Finsihed file: /mnt/scratch/micall12/training_files/NuMu_140000_000152_level2_sim4.zst_lt200_NOvertex_IC19.hdf5
[   0.    0.    0.    0.    0.    0.    0.  597.  660.  714.  754.  728.
  808.  783.  830.  818.  867.  868.  905.  863.  911.  931.  979.  936.
  999.  987.  956.  925.  942.  967.  994.  982.  974.  985.  999. 1015.
 1008.  985. 1006. 1016.  999. 1015. 1058.  988. 1048.  536.  556.  540.
  592.  536.  537.  556.  603.  573.  571.  597.  583.  605.  568.  592.
  586.  566.  591.  529.  599.  607.  586.  605.  605.  596.  546.  584.
  562.  587.  633.  557.  583.  574.  613.  609.  552.  580.  550.  624.
  568.  586.  606.  600.  567.  607.  587.  572.  600.  575.  571.   48.
   43.   46.   52.   42.   43.   50.   47.   51.   50.   40.   42.   41.
   45.   33.   50.   46.   57.   44.   55.   45.   43.   56.   53.   54.
   41.   52.   46.   53.   43.   45.   41.   45.   42.   39.   45.   45.
   55.   52.   62.   45.   45.   57.   42.   40.   57.   43.   58.   39.
   47.]
Total events this file: 155621
Total events saved: 91577, Saved this file: 25414, Finsihed file: /mnt/scratch/micall12/training_files/NuMu_140000_000153_level2_sim4.zst_lt200_NOvertex_IC19.hdf5
[   0.    0.    0.    0.    0.    0.    0.  804.  869.  930.  995.  980.
 1051. 1055. 1125. 1100. 1163. 1156. 1216. 1172. 1206. 1252. 1262. 1211.
 1310. 1295. 1287. 1251. 1264. 1312. 1311. 1321. 1274. 1364. 1361. 1342.
 1360. 1341. 1363. 1332. 1311. 1332. 1393. 1314. 1417.  792.  862.  798.
  883.  774.  815.  824.  869.  851.  851.  861.  851.  891.  827.  839.
  838.  876.  858.  785.  877.  890.  883.  903.  878.  888.  847.  844.
  846.  840.  944.  839.  861.  854.  891.  896.  811.  852.  826.  899.
  836.  872.  891.  883.  856.  897.  849.  855.  874.  861.  832.   48.
   43.   46.   52.   42.   43.   50.   47.   51.   50.   40.   42.   41.
   45.   33.   50.   46.   57.   44.   55.   45.   43.   56.   53.   54.
   41.   52.   46.   53.   43.   45.   41.   45.   42.   39.   45.   45.
   55.   52.   62.   45.   45.   57.   42.   40.   57.   43.   58.   39.
   47.]
Total events this file: 155413
Total events saved: 116731, Saved this file: 25154, Finsihed file: /mnt/scratch/micall12/training_files/NuMu_140000_000154_level2_sim4.zst_lt200_NOvertex_IC19.hdf5
[   0.    0.    0.    0.    0.    0.    0. 1011. 1080. 1160. 1228. 1233.
 1339. 1293. 1387. 1372. 1464. 1422. 1495. 1467. 1487. 1579. 1582. 1510.
 1616. 1606. 1629. 1552. 1598. 1626. 1626. 1647. 1571. 1681. 1696. 1674.
 1650. 1676. 1669. 1665. 1684. 1641. 1728. 1657. 1788. 1054. 1140. 1083.
 1140. 1061. 1072. 1120. 1139. 1110. 1123. 1136. 1092. 1181. 1109. 1111.
 1108. 1133. 1114. 1068. 1125. 1174. 1162. 1188. 1151. 1143. 1116. 1105.
 1114. 1108. 1227. 1134. 1128. 1153. 1171. 1166. 1069. 1145. 1109. 1208.
 1110. 1142. 1173. 1176. 1115. 1171. 1143. 1145. 1166. 1150. 1106.   48.
   43.   46.   52.   42.   43.   50.   47.   51.   50.   40.   42.   41.
   45.   33.   50.   46.   57.   44.   55.   45.   43.   56.   53.   54.
   41.   52.   46.   53.   43.   45.   41.   45.   42.   39.   45.   45.
   55.   52.   62.   45.   45.   57.   42.   40.   57.   43.   58.   39.
   47.]
Total events this file: 156206
Total events saved: 142150, Saved this file: 25419, Finsihed file: /mnt/scratch/micall12/training_files/NuMu_140000_000155_level2_sim4.zst_lt200_NOvertex_IC19.hdf5
[   0.    0.    0.    0.    0.    0.    0. 1218. 1286. 1386. 1492. 1487.
 1593. 1560. 1666. 1685. 1764. 1738. 1805. 1735. 1759. 1899. 1887. 1839.
 1931. 1901. 1948. 1862. 1901. 1969. 1955. 1959. 1881. 2000. 2011. 2005.
 2010. 2018. 2020. 1972. 2009. 1999. 2073. 1995. 2108. 1313. 1429. 1346.
 1430. 1343. 1336. 1399. 1420. 1366. 1373. 1424. 1368. 1470. 1357. 1370.
 1364. 1389. 1407. 1341. 1415. 1425. 1431. 1478. 1404. 1449. 1383. 1374.
 1377. 1376. 1525. 1436. 1400. 1435. 1464. 1441. 1362. 1402. 1410. 1488.
 1400. 1402. 1505. 1471. 1403. 1464. 1414. 1411. 1451. 1443. 1385.   48.
   43.   46.   52.   42.   43.   50.   47.   51.   50.   40.   42.   41.
   45.   33.   50.   46.   57.   44.   55.   45.   43.   56.   53.   54.
   41.   52.   46.   53.   43.   45.   41.   45.   42.   39.   45.   45.
   55.   52.   62.   45.   45.   57.   42.   40.   57.   43.   58.   39.
   47.]
Total events this file: 156180
Total events saved: 167565, Saved this file: 25415, Finsihed file: /mnt/scratch/micall12/training_files/NuMu_140000_000156_level2_sim4.zst_lt200_NOvertex_IC19.hdf5
[   0.    0.    0.    0.    0.    0.    0. 1425. 1492. 1618. 1726. 1747.
 1863. 1798. 1952. 2003. 2060. 2006. 2109. 2042. 2041. 2195. 2223. 2144.
 2246. 2214. 2220. 2163. 2233. 2265. 2274. 2281. 2203. 2328. 2323. 2327.
 2345. 2380. 2365. 2304. 2347. 2318. 2446. 2348. 2416. 1601. 1704. 1579.
 1699. 1648. 1622. 1664. 1681. 1648. 1626. 1706. 1661. 1735. 1630. 1649.
 1643. 1689. 1672. 1605. 1686. 1718. 1692. 1760. 1696. 1759. 1671. 1670.
 1667. 1674. 1793. 1705. 1697. 1723. 1759. 1730. 1632. 1669. 1676. 1763.
 1669. 1681. 1791. 1724. 1694. 1744. 1704. 1688. 1718. 1728. 1677.   48.
   43.   46.   52.   42.   43.   50.   47.   51.   50.   40.   42.   41.
   45.   33.   50.   46.   57.   44.   55.   45.   43.   56.   53.   54.
   41.   52.   46.   53.   43.   45.   41.   45.   42.   39.   45.   45.
   55.   52.   62.   45.   45.   57.   42.   40.   57.   43.   58.   39.
   47.]
Total events this file: 156673
Total events saved: 192925, Saved this file: 25360, Finsihed file: /mnt/scratch/micall12/training_files/NuMu_140000_000157_level2_sim4.zst_lt200_NOvertex_IC19.hdf5
[   0.    0.    0.    0.    0.    0.    0. 1625. 1725. 1886. 1969. 2021.
 2108. 2060. 2234. 2281. 2338. 2293. 2425. 2350. 2334. 2494. 2541. 2438.
 2550. 2542. 2518. 2497. 2570. 2612. 2601. 2646. 2551. 2657. 2636. 2674.
 2702. 2727. 2706. 2617. 2687. 2641. 2781. 2683. 2749. 1871. 1986. 1863.
 1974. 1910. 1880. 1913. 1973. 1918. 1905. 1951. 1948. 1992. 1929. 1907.
 1905. 1953. 1958. 1892. 1932. 1976. 1946. 2049. 1966. 2024. 1932. 1981.
 1946. 1943. 2047. 2002. 2004. 1986. 2039. 2002. 1941. 1917. 1978. 2022.
 1960. 1943. 2069. 1993. 1961. 2039. 1989. 1954. 1995. 2006. 1931.   48.
   43.   46.   52.   42.   43.   50.   47.   51.   50.   40.   42.   41.
   45.   33.   50.   46.   57.   44.   55.   45.   43.   56.   53.   54.
   41.   52.   46.   53.   43.   45.   41.   45.   42.   39.   45.   45.
   55.   52.   62.   45.   45.   57.   42.   40.   57.   43.   58.   39.
   47.]
Total events this file: 68216
Total events saved: 205993, Saved this file: 13068, Finsihed file: /mnt/scratch/micall12/training_files/NuMu_140000_000158_level2_sim4.zst_lt200_NOvertex_IC19.hdf5
[   0.    0.    0.    0.    0.    0.    0. 1799. 1967. 2126. 2212. 2269.
 2349. 2339. 2504. 2565. 2574. 2558. 2715. 2628. 2605. 2805. 2850. 2743.
 2854. 2845. 2845. 2821. 2915. 2932. 2902. 2989. 2903. 3014. 2975. 3004.
 3011. 3042. 3049. 2945. 3037. 3004. 3116. 3022. 3087. 1909. 2020. 1885.
 2015. 1944. 1916. 1946. 1998. 1955. 1935. 1975. 1978. 2018. 1970. 1940.
 1942. 1992. 1999. 1920. 1954. 2016. 1983. 2076. 1990. 2046. 1962. 2011.
 1984. 1974. 2071. 2025. 2040. 2014. 2073. 2036. 1970. 1945. 2008. 2052.
 1995. 1973. 2100. 2030. 1999. 2074. 2029. 1990. 2033. 2045. 1963.   48.
   43.   46.   52.   42.   43.   50.   47.   51.   50.   40.   42.   41.
   45.   33.   50.   46.   57.   44.   55.   45.   43.   56.   53.   54.
   41.   52.   46.   53.   43.   45.   41.   45.   42.   39.   45.   45.
   55.   52.   62.   45.   45.   57.   42.   40.   57.   43.   58.   39.
   47.]
Total events this file: 82751
Total events saved: 219323, Saved this file: 13330, Finsihed file: /mnt/scratch/micall12/training_files/NuMu_140000_000159_level2_sim4.zst_lt200_NOvertex_IC19.hdf5
[   0.    0.    0.    0.    0.    0.    0. 1997. 2183. 2389. 2462. 2505.
 2602. 2592. 2793. 2843. 2856. 2866. 3005. 2941. 2935. 3105. 3164. 3018.
 3157. 3175. 3173. 3138. 3209. 3291. 3239. 3311. 3239. 3372. 3297. 3327.
 3366. 3395. 3408. 3284. 3381. 3324. 3480. 3345. 3425. 1941. 2051. 1916.
 2039. 1973. 1947. 1973. 2032. 1989. 1971. 2020. 2009. 2053. 1996. 1975.
 1976. 2026. 2038. 1963. 1990. 2051. 2011. 2109. 2022. 2078. 2001. 2049.
 2015. 2014. 2112. 2058. 2073. 2047. 2112. 2072. 1999. 1979. 2037. 2086.
 2034. 2004. 2127. 2062. 2032. 2102. 2057. 2013. 2071. 2072. 1999.   48.
   43.   46.   52.   42.   43.   50.   47.   51.   50.   40.   42.   41.
   45.   33.   50.   46.   57.   44.   55.   45.   43.   56.   53.   54.
   41.   52.   46.   53.   43.   45.   41.   45.   42.   39.   45.   45.
   55.   52.   62.   45.   45.   57.   42.   40.   57.   43.   58.   39.
   47.]
Total events this file: 156709
Total events saved: 244738, Saved this file: 25415, Finsihed file: /mnt/scratch/micall12/training_files/NuMu_140000_000160_level2_sim4.zst_lt200_NOvertex_IC19.hdf5
[   0.    0.    0.    0.    0.    0.    0. 2232. 2401. 2644. 2698. 2739.
 2865. 2830. 3069. 3136. 3146. 3161. 3314. 3213. 3251. 3401. 3436. 3330.
 3468. 3481. 3513. 3451. 3525. 3621. 3581. 3668. 3574. 3720. 3624. 3660.
 3670. 3728. 3764. 3628. 3742. 3612. 3826. 3685. 3769. 2199. 2286. 2198.
 2331. 2242. 2235. 2259. 2286. 2303. 2244. 2312. 2284. 2334. 2267. 2229.
 2242. 2300. 2322. 2216. 2245. 2297. 2307. 2374. 2301. 2379. 2289. 2299.
 2320. 2280. 2383. 2345. 2350. 2347. 2378. 2346. 2282. 2239. 2286. 2383.
 2284. 2281. 2405. 2344. 2331. 2380. 2334. 2287. 2391. 2357. 2294.   48.
   43.   46.   52.   42.   43.   50.   47.   51.   50.   40.   42.   41.
   45.   33.   50.   46.   57.   44.   55.   45.   43.   56.   53.   54.
   41.   52.   46.   53.   43.   45.   41.   45.   42.   39.   45.   45.
   55.   52.   62.   45.   45.   57.   42.   40.   57.   43.   58.   39.
   47.]
Total events this file: 82408
Total events saved: 257897, Saved this file: 13159, Finsihed file: /mnt/scratch/micall12/training_files/NuMu_140000_000161_level2_sim4.zst_lt200_NOvertex_IC19.hdf5
[   0.    0.    0.    0.    0.    0.    0. 2425. 2613. 2866. 2945. 2997.
 3133. 3086. 3381. 3432. 3438. 3434. 3596. 3508. 3577. 3683. 3726. 3638.
 3775. 3781. 3819. 3742. 3866. 3918. 3891. 3996. 3887. 4068. 3964. 3973.
 3997. 4072. 4114. 3962. 4104. 3941. 4170. 4035. 4117. 2235. 2316. 2231.
 2362. 2275. 2273. 2293. 2320. 2337. 2276. 2334. 2309. 2364. 2302. 2271.
 2273. 2336. 2351. 2249. 2277. 2335. 2346. 2400. 2329. 2412. 2326. 2328.
 2356. 2309. 2412. 2390. 2389. 2385. 2415. 2380. 2320. 2273. 2318. 2424.
 2309. 2313. 2439. 2377. 2355. 2415. 2372. 2315. 2425. 2389. 2332.   48.
   43.   46.   52.   42.   43.   50.   47.   51.   50.   40.   42.   41.
   45.   33.   50.   46.   57.   44.   55.   45.   43.   56.   53.   54.
   41.   52.   46.   53.   43.   45.   41.   45.   42.   39.   45.   45.
   55.   52.   62.   45.   45.   57.   42.   40.   57.   43.   58.   39.
   47.]
Total events this file: 82608
Total events saved: 271011, Saved this file: 13114, Finsihed file: /mnt/scratch/micall12/training_files/NuMu_140000_000162_level2_sim4.zst_lt200_NOvertex_IC19.hdf5
[   0.    0.    0.    0.    0.    0.    0. 2637. 2835. 3086. 3196. 3241.
 3376. 3369. 3629. 3676. 3706. 3693. 3876. 3806. 3878. 4005. 4031. 3956.
 4073. 4110. 4146. 4076. 4230. 4231. 4200. 4346. 4205. 4353. 4328. 4296.
 4332. 4425. 4447. 4301. 4456. 4301. 4520. 4361. 4428. 2269. 2352. 2248.
 2390. 2297. 2301. 2323. 2357. 2371. 2308. 2358. 2344. 2397. 2336. 2303.
 2311. 2366. 2385. 2281. 2312. 2364. 2377. 2428. 2356. 2448. 2352. 2361.
 2386. 2343. 2438. 2431. 2426. 2421. 2450. 2415. 2350. 2312. 2353. 2456.
 2339. 2350. 2471. 2416. 2383. 2454. 2409. 2343. 2458. 2426. 2370.   48.
   43.   46.   52.   42.   43.   50.   47.   51.   50.   40.   42.   41.
   45.   33.   50.   46.   57.   44.   55.   45.   43.   56.   53.   54.
   41.   52.   46.   53.   43.   45.   41.   45.   42.   39.   45.   45.
   55.   52.   62.   45.   45.   57.   42.   40.   57.   43.   58.   39.
   47.]
Total events this file: 165434
Total events saved: 297208, Saved this file: 26197, Finsihed file: /mnt/scratch/micall12/training_files/NuMu_140000_000163_level2_sim4.zst_lt200_NOvertex_IC19.hdf5
[   0.    0.    0.    0.    0.    0.    0. 2849. 3034. 3314. 3438. 3457.
 3632. 3645. 3910. 3925. 3997. 3963. 4159. 4083. 4171. 4306. 4324. 4260.
 4375. 4438. 4446. 4392. 4529. 4561. 4528. 4667. 4525. 4705. 4659. 4630.
 4674. 4744. 4769. 4664. 4805. 4635. 4841. 4700. 4743. 2536. 2616. 2506.
 2633. 2550. 2596. 2574. 2659. 2625. 2570. 2639. 2629. 2688. 2602. 2572.
 2601. 2656. 2686. 2546. 2568. 2666. 2656. 2711. 2676. 2704. 2659. 2633.
 2663. 2612. 2707. 2716. 2677. 2675. 2741. 2679. 2618. 2595. 2626. 2716.
 2641. 2616. 2757. 2658. 2658. 2764. 2686. 2637. 2735. 2694. 2641.   67.
   64.   66.   68.   52.   60.   77.   69.   83.   72.   54.   69.   71.
   79.   56.   71.   72.   74.   64.   77.   64.   71.   75.   80.   75.
   55.   76.   67.   71.   63.   59.   65.   65.   63.   60.   69.   74.
   80.   81.   80.   63.   72.   79.   59.   56.   84.   69.   77.   58.
   67.]
Total events this file: 155570
Total events saved: 322378, Saved this file: 25170, Finsihed file: /mnt/scratch/micall12/training_files/NuMu_140000_000164_level2_sim4.zst_lt200_NOvertex_IC19.hdf5
[   0.    0.    0.    0.    0.    0.    0. 3047. 3264. 3552. 3669. 3706.
 3879. 3897. 4162. 4183. 4259. 4241. 4449. 4369. 4474. 4582. 4633. 4546.
 4677. 4757. 4761. 4750. 4888. 4859. 4884. 4981. 4848. 5012. 4995. 4949.
 5021. 5067. 5103. 5002. 5168. 4964. 5190. 5030. 5089. 2817. 2892. 2763.
 2888. 2844. 2866. 2855. 2913. 2911. 2826. 2892. 2900. 2979. 2875. 2861.
 2880. 2915. 2943. 2804. 2838. 2945. 2972. 2965. 2937. 2993. 2923. 2901.
 2917. 2889. 3000. 2994. 2961. 2943. 3020. 2974. 2889. 2860. 2925. 2995.
 2940. 2866. 3035. 2936. 2899. 3052. 2990. 2900. 3048. 2980. 2918.   67.
   64.   66.   68.   52.   60.   77.   69.   83.   72.   54.   69.   71.
   79.   56.   71.   72.   74.   64.   77.   64.   71.   75.   80.   75.
   55.   76.   67.   71.   63.   59.   65.   65.   63.   60.   69.   74.
   80.   81.   80.   63.   72.   79.   59.   56.   84.   69.   77.   58.
   67.]
Total events this file: 120091
Total events saved: 337960, Saved this file: 15582, Finsihed file: /mnt/scratch/micall12/training_files/NuMu_140000_000165_level2_sim4.zst_lt200_NOvertex_IC19.hdf5
[   0.    0.    0.    0.    0.    0.    0. 3080. 3302. 3582. 3714. 3743.
 3915. 3931. 4204. 4224. 4314. 4284. 4489. 4423. 4517. 4629. 4695. 4588.
 4712. 4815. 4807. 4804. 4934. 4914. 4927. 5032. 4903. 5053. 5053. 4997.
 5073. 5113. 5152. 5059. 5217. 5021. 5238. 5090. 5147. 3093. 3180. 3040.
 3168. 3126. 3137. 3144. 3158. 3187. 3103. 3178. 3168. 3274. 3153. 3078.
 3179. 3206. 3226. 3057. 3111. 3215. 3247. 3215. 3190. 3277. 3216. 3165.
 3180. 3147. 3308. 3264. 3266. 3220. 3297. 3213. 3195. 3116. 3230. 3285.
 3247. 3127. 3310. 3200. 3168. 3330. 3264. 3188. 3338. 3256. 3183.   67.
   64.   66.   68.   52.   60.   77.   69.   83.   72.   54.   69.   71.
   79.   56.   71.   72.   74.   64.   77.   64.   71.   75.   80.   75.
   55.   76.   67.   71.   63.   59.   65.   65.   63.   60.   69.   74.
   80.   81.   80.   63.   72.   79.   59.   56.   84.   69.   77.   58.
   67.]
Total events this file: 17548
Total events saved: 341451, Saved this file: 3491, Finsihed file: /mnt/scratch/micall12/training_files/NuMu_140000_000166_level2_sim4.zst_lt200_NOvertex_IC19.hdf5
[   0.    0.    0.    0.    0.    0.    0. 3114. 3340. 3612. 3748. 3771.
 3957. 3974. 4240. 4269. 4363. 4337. 4532. 4470. 4578. 4672. 4739. 4650.
 4760. 4855. 4866. 4847. 4988. 4968. 4974. 5086. 4960. 5117. 5095. 5057.
 5130. 5169. 5208. 5116. 5258. 5065. 5280. 5141. 5205. 3136. 3208. 3069.
 3204. 3162. 3167. 3172. 3186. 3207. 3139. 3210. 3203. 3307. 3182. 3113.
 3213. 3238. 3259. 3091. 3138. 3256. 3270. 3246. 3232. 3308. 3250. 3204.
 3212. 3180. 3340. 3299. 3298. 3262. 3323. 3247. 3225. 3152. 3267. 3332.
 3286. 3160. 3346. 3237. 3201. 3357. 3301. 3218. 3373. 3300. 3212.   67.
   64.   66.   68.   52.   60.   77.   69.   83.   72.   54.   69.   71.
   79.   56.   71.   72.   74.   64.   77.   64.   71.   75.   80.   75.
   55.   76.   67.   71.   63.   59.   65.   65.   63.   60.   69.   74.
   80.   81.   80.   63.   72.   79.   59.   56.   84.   69.   77.   58.
   67.]
Total events this file: 103854
Total events saved: 357192, Saved this file: 15741, Finsihed file: /mnt/scratch/micall12/training_files/NuMu_140000_000167_level2_sim4.zst_lt200_NOvertex_IC19.hdf5
[   0.    0.    0.    0.    0.    0.    0. 3313. 3575. 3824. 3994. 4018.
 4215. 4247. 4515. 4575. 4644. 4620. 4814. 4758. 4886. 4975. 5067. 4958.
 5054. 5177. 5191. 5129. 5309. 5318. 5291. 5413. 5306. 5427. 5428. 5404.
 5452. 5523. 5528. 5469. 5601. 5417. 5633. 5475. 5558. 3168. 3247. 3096.
 3236. 3202. 3200. 3195. 3228. 3238. 3163. 3236. 3242. 3341. 3212. 3150.
 3245. 3275. 3292. 3125. 3169. 3290. 3309. 3284. 3268. 3344. 3285. 3239.
 3243. 3222. 3373. 3331. 3337. 3293. 3351. 3279. 3262. 3197. 3300. 3365.
 3317. 3196. 3390. 3270. 3227. 3393. 3332. 3249. 3395. 3334. 3248.  120.
  113.  108.  120.  108.  109.  131.  114.  137.  117.  100.  121.  117.
  133.  115.  120.  112.  118.  118.  141.  110.  115.  117.  125.  128.
  102.  140.  133.  121.  112.  112.  117.  117.  114.  104.  111.  114.
  122.  117.  126.  115.  128.  116.  128.  104.  139.  114.  122.  101.
  112.]
Total events this file: 170977
Total events saved: 383692, Saved this file: 26500, Finsihed file: /mnt/scratch/micall12/training_files/NuMu_140000_000168_level2_sim4.zst_lt200_NOvertex_IC19.hdf5
[   0.    0.    0.    0.    0.    0.    0. 3508. 3781. 4045. 4235. 4233.
 4470. 4479. 4798. 4815. 4941. 4908. 5089. 5018. 5167. 5275. 5364. 5259.
 5343. 5472. 5501. 5445. 5597. 5623. 5594. 5755. 5621. 5735. 5758. 5698.
 5781. 5840. 5878. 5780. 5906. 5733. 5967. 5816. 5895. 3412. 3492. 3345.
 3463. 3475. 3452. 3464. 3489. 3512. 3399. 3487. 3487. 3575. 3469. 3385.
 3502. 3537. 3542. 3344. 3419. 3545. 3572. 3545. 3515. 3607. 3538. 3490.
 3497. 3513. 3648. 3605. 3578. 3596. 3624. 3527. 3513. 3466. 3538. 3624.
 3602. 3482. 3666. 3498. 3499. 3630. 3597. 3524. 3668. 3643. 3491.  177.
  168.  161.  170.  162.  160.  192.  171.  190.  182.  146.  162.  186.
  182.  163.  166.  162.  152.  161.  198.  167.  164.  166.  169.  192.
  161.  191.  182.  183.  158.  157.  175.  161.  159.  151.  159.  162.
  165.  190.  165.  172.  171.  167.  181.  151.  190.  157.  175.  157.
  169.]
Total events this file: 108306
Total events saved: 399852, Saved this file: 16160, Finsihed file: /mnt/scratch/micall12/training_files/NuMu_140000_000169_level2_sim4.zst_lt200_NOvertex_IC19.hdf5
[   0.    0.    0.    0.    0.    0.    0. 3740. 3995. 4259. 4501. 4456.
 4722. 4733. 5064. 5087. 5236. 5211. 5383. 5332. 5445. 5582. 5644. 5592.
 5647. 5773. 5872. 5765. 5914. 5964. 5933. 6076. 5948. 6012. 6078. 6014.
 6146. 6155. 6211. 6116. 6227. 6069. 6314. 6152. 6235. 3446. 3526. 3375.
 3493. 3508. 3486. 3493. 3524. 3548. 3432. 3508. 3514. 3607. 3500. 3411.
 3536. 3569. 3567. 3391. 3454. 3576. 3601. 3590. 3543. 3645. 3577. 3533.
 3527. 3546. 3689. 3640. 3607. 3622. 3655. 3556. 3548. 3510. 3566. 3656.
 3639. 3525. 3699. 3530. 3539. 3665. 3624. 3567. 3709. 3676. 3529.  229.
  226.  224.  226.  213.  219.  261.  231.  253.  237.  219.  224.  242.
  253.  230.  233.  218.  218.  214.  261.  227.  225.  225.  221.  254.
  218.  258.  233.  228.  217.  217.  231.  212.  213.  211.  231.  221.
  222.  239.  218.  229.  234.  229.  239.  209.  257.  220.  252.  222.
  229.]
Total events this file: 163850
Total events saved: 425286, Saved this file: 25434, Finsihed file: /mnt/scratch/micall12/training_files/NuMu_140000_000170_level2_sim4.zst_lt200_NOvertex_IC19.hdf5
[   0.    0.    0.    0.    0.    0.    0. 3929. 4194. 4468. 4713. 4702.
 4965. 4959. 5305. 5343. 5496. 5488. 5616. 5606. 5712. 5873. 5926. 5887.
 5930. 6068. 6146. 6064. 6223. 6275. 6246. 6356. 6235. 6299. 6384. 6330.
 6460. 6457. 6533. 6428. 6528. 6401. 6658. 6473. 6516. 3670. 3779. 3587.
 3720. 3793. 3734. 3732. 3760. 3788. 3647. 3741. 3747. 3825. 3730. 3670.
 3784. 3827. 3839. 3621. 3711. 3829. 3811. 3848. 3795. 3897. 3804. 3789.
 3783. 3799. 3945. 3889. 3866. 3865. 3904. 3804. 3771. 3761. 3824. 3902.
 3900. 3774. 3946. 3802. 3775. 3909. 3880. 3803. 3950. 3926. 3758.  269.
  285.  283.  282.  266.  277.  316.  293.  314.  290.  273.  283.  291.
  315.  287.  281.  281.  264.  252.  315.  286.  266.  276.  257.  300.
  276.  311.  284.  277.  269.  275.  275.  262.  274.  268.  271.  266.
  276.  278.  278.  286.  272.  277.  295.  266.  313.  264.  303.  283.
  279.]
Total events this file: 178039
Total events saved: 453302, Saved this file: 28016, Finsihed file: /mnt/scratch/micall12/training_files/NuMu_140000_000171_level2_sim4.zst_lt200_NOvertex_IC19.hdf5
[   0.    0.    0.    0.    0.    0.    0. 4143. 4417. 4704. 4974. 4932.
 5223. 5243. 5558. 5617. 5771. 5775. 5888. 5924. 6017. 6176. 6257. 6189.
 6258. 6378. 6461. 6361. 6551. 6604. 6622. 6697. 6575. 6638. 6699. 6681.
 6827. 6784. 6859. 6749. 6876. 6735. 7004. 6796. 6883. 3906. 4068. 3854.
 3957. 4078. 3988. 4025. 4034. 4036. 3934. 4026. 4009. 4133. 3988. 3951.
 4050. 4133. 4127. 3902. 3987. 4078. 4086. 4103. 4088. 4177. 4057. 4050.
 4063. 4105. 4255. 4124. 4132. 4153. 4184. 4068. 4076. 4044. 4102. 4187.
 4160. 4054. 4226. 4090. 4086. 4200. 4172. 4072. 4210. 4196. 4035.  314.
  345.  333.  325.  314.  327.  362.  339.  363.  338.  327.  320.  334.
  362.  357.  348.  334.  316.  299.  362.  336.  318.  322.  306.  361.
  338.  366.  331.  322.  327.  340.  328.  320.  320.  316.  322.  320.
  325.  314.  325.  339.  327.  320.  351.  314.  368.  324.  348.  341.
  329.]
Total events this file: 83058
Total events saved: 466692, Saved this file: 13390, Finsihed file: /mnt/scratch/micall12/training_files/NuMu_140000_000172_level2_sim4.zst_lt200_NOvertex_IC19.hdf5
[   0.    0.    0.    0.    0.    0.    0. 4348. 4660. 4939. 5218. 5200.
 5496. 5517. 5827. 5925. 6054. 6069. 6171. 6222. 6319. 6497. 6573. 6463.
 6561. 6692. 6782. 6668. 6875. 6964. 6944. 7025. 6901. 6963. 7028. 7035.
 7163. 7133. 7187. 7106. 7210. 7128. 7320. 7143. 7198. 3942. 4096. 3895.
 3982. 4111. 4035. 4060. 4071. 4066. 3977. 4054. 4055. 4164. 4026. 3994.
 4088. 4172. 4161. 3939. 4026. 4105. 4128. 4138. 4105. 4208. 4088. 4079.
 4102. 4133. 4289. 4150. 4169. 4187. 4209. 4107. 4119. 4088. 4141. 4212.
 4191. 4087. 4258. 4124. 4124. 4228. 4199. 4102. 4243. 4234. 4070.  314.
  345.  333.  325.  314.  327.  362.  339.  363.  338.  327.  320.  334.
  362.  357.  348.  334.  316.  299.  362.  336.  318.  322.  306.  361.
  338.  366.  331.  322.  327.  340.  328.  320.  320.  316.  322.  320.
  325.  314.  325.  339.  327.  320.  351.  314.  368.  324.  348.  341.
  329.]
Total events this file: 89070
Total events saved: 479559, Saved this file: 12867, Finsihed file: /mnt/scratch/micall12/training_files/NuMu_140000_000173_level2_sim4.zst_lt200_NOvertex_IC19.hdf5
[   0.    0.    0.    0.    0.    0.    0. 4546. 4872. 5147. 5437. 5413.
 5703. 5753. 6077. 6170. 6292. 6330. 6429. 6486. 6601. 6762. 6877. 6710.
 6839. 6978. 7086. 6962. 7176. 7241. 7250. 7350. 7192. 7276. 7280. 7308.
 7452. 7438. 7502. 7397. 7510. 7441. 7628. 7447. 7498. 3942. 4096. 3895.
 3982. 4111. 4035. 4060. 4071. 4066. 3977. 4054. 4055. 4164. 4026. 3994.
 4088. 4172. 4161. 3939. 4026. 4105. 4128. 4138. 4105. 4208. 4088. 4079.
 4102. 4133. 4289. 4150. 4169. 4187. 4209. 4107. 4119. 4088. 4141. 4212.
 4191. 4087. 4258. 4124. 4124. 4228. 4199. 4102. 4243. 4234. 4070.  369.
  393.  375.  367.  361.  381.  409.  392.  416.  380.  375.  374.  380.
  410.  400.  404.  392.  357.  365.  407.  390.  375.  374.  361.  419.
  390.  414.  377.  373.  375.  383.  384.  366.  369.  374.  385.  367.
  363.  374.  381.  383.  385.  371.  401.  367.  423.  383.  387.  403.
  368.]
Total events this file: 82396
Total events saved: 492695, Saved this file: 13136, Finsihed file: /mnt/scratch/micall12/training_files/NuMu_140000_000174_level2_sim4.zst_lt200_NOvertex_IC19.hdf5
[   0.    0.    0.    0.    0.    0.    0. 4737. 5104. 5390. 5689. 5688.
 5956. 6013. 6355. 6462. 6543. 6610. 6700. 6814. 6914. 7064. 7168. 7019.
 7149. 7278. 7381. 7301. 7521. 7588. 7559. 7668. 7540. 7619. 7635. 7619.
 7770. 7771. 7841. 7748. 7886. 7796. 7966. 7759. 7825. 3975. 4130. 3921.
 4014. 4140. 4060. 4087. 4096. 4097. 4000. 4077. 4072. 4189. 4056. 4028.
 4112. 4200. 4186. 3984. 4058. 4147. 4159. 4173. 4145. 4245. 4119. 4098.
 4125. 4168. 4335. 4186. 4201. 4216. 4250. 4136. 4152. 4120. 4171. 4239.
 4224. 4120. 4285. 4166. 4152. 4265. 4227. 4130. 4270. 4264. 4107.  369.
  393.  375.  367.  361.  381.  409.  392.  416.  380.  375.  374.  380.
  410.  400.  404.  392.  357.  365.  407.  390.  375.  374.  361.  419.
  390.  414.  377.  373.  375.  383.  384.  366.  369.  374.  385.  367.
  363.  374.  381.  383.  385.  371.  401.  367.  423.  383.  387.  403.
  368.]
Total events this file: 133357
Total events saved: 511746, Saved this file: 19051, Finsihed file: /mnt/scratch/micall12/training_files/NuMu_140000_000175_level2_sim4.zst_lt200_NOvertex_IC19.hdf5
[   0.    0.    0.    0.    0.    0.    0. 4844. 5199. 5486. 5805. 5800.
 6076. 6139. 6482. 6571. 6673. 6735. 6838. 6939. 7033. 7187. 7320. 7178.
 7313. 7443. 7525. 7466. 7661. 7747. 7704. 7808. 7701. 7765. 7796. 7765.
 7892. 7929. 7989. 7902. 8045. 7970. 8131. 7944. 7996. 4246. 4413. 4178.
 4288. 4403. 4302. 4357. 4376. 4368. 4262. 4372. 4347. 4442. 4321. 4349.
 4396. 4474. 4464. 4256. 4317. 4413. 4422. 4435. 4433. 4510. 4388. 4374.
 4394. 4447. 4587. 4482. 4497. 4494. 4519. 4408. 4418. 4381. 4430. 4482.
 4515. 4418. 4569. 4416. 4444. 4561. 4503. 4414. 4559. 4524. 4409.  369.
  393.  375.  367.  361.  381.  409.  392.  416.  380.  375.  374.  380.
  410.  400.  404.  392.  357.  365.  407.  390.  375.  374.  361.  419.
  390.  414.  377.  373.  375.  383.  384.  366.  369.  374.  385.  367.
  363.  374.  381.  383.  385.  371.  401.  367.  423.  383.  387.  403.
  368.]
Total events this file: 155589
Total events saved: 536672, Saved this file: 24926, Finsihed file: /mnt/scratch/micall12/training_files/NuMu_140000_000176_level2_sim4.zst_lt200_NOvertex_IC19.hdf5
[   0.    0.    0.    0.    0.    0.    0. 5086. 5415. 5706. 6043. 6042.
 6333. 6371. 6734. 6844. 6960. 7031. 7106. 7218. 7318. 7456. 7634. 7449.
 7617. 7780. 7829. 7795. 7987. 8050. 8029. 8134. 8036. 8089. 8093. 8081.
 8205. 8242. 8359. 8225. 8401. 8317. 8442. 8277. 8319. 4513. 4672. 4427.
 4578. 4666. 4551. 4631. 4647. 4646. 4527. 4641. 4637. 4692. 4613. 4610.
 4673. 4732. 4755. 4535. 4581. 4705. 4684. 4730. 4705. 4789. 4676. 4648.
 4674. 4685. 4818. 4760. 4783. 4765. 4799. 4673. 4703. 4678. 4688. 4742.
 4774. 4737. 4858. 4673. 4755. 4839. 4756. 4691. 4829. 4806. 4697.  369.
  393.  375.  367.  361.  381.  409.  392.  416.  380.  375.  374.  380.
  410.  400.  404.  392.  357.  365.  407.  390.  375.  374.  361.  419.
  390.  414.  377.  373.  375.  383.  384.  366.  369.  374.  385.  367.
  363.  374.  381.  383.  385.  371.  401.  367.  423.  383.  387.  403.
  368.]
Total events this file: 93504
Total events saved: 550152, Saved this file: 13480, Finsihed file: /mnt/scratch/micall12/training_files/NuMu_140000_000177_level2_sim4.zst_lt200_NOvertex_IC19.hdf5
[   0.    0.    0.    0.    0.    0.    0. 5284. 5621. 5884. 6228. 6277.
 6550. 6611. 7004. 7089. 7189. 7282. 7381. 7486. 7603. 7729. 7898. 7708.
 7926. 8048. 8141. 8086. 8276. 8328. 8295. 8445. 8337. 8414. 8401. 8384.
 8500. 8568. 8631. 8550. 8750. 8621. 8762. 8588. 8617. 4513. 4672. 4427.
 4578. 4666. 4551. 4631. 4647. 4646. 4527. 4641. 4637. 4692. 4613. 4610.
 4673. 4732. 4755. 4535. 4581. 4705. 4684. 4730. 4705. 4789. 4676. 4648.
 4674. 4685. 4818. 4760. 4783. 4765. 4799. 4673. 4703. 4678. 4688. 4742.
 4774. 4737. 4858. 4673. 4755. 4839. 4756. 4691. 4829. 4806. 4697.  426.
  467.  433.  432.  413.  437.  466.  439.  484.  439.  444.  440.  436.
  477.  467.  463.  453.  415.  420.  477.  441.  443.  433.  426.  466.
  452.  470.  434.  437.  429.  446.  446.  441.  444.  437.  458.  437.
  438.  441.  437.  436.  441.  430.  461.  419.  473.  444.  442.  460.
  423.]
Total events this file: 115100
Total events saved: 573470, Saved this file: 23318, Finsihed file: /mnt/scratch/micall12/training_files/NuMu_140000_000178_level2_sim4.zst_lt200_NOvertex_IC19.hdf5
[   0.    0.    0.    0.    0.    0.    0. 5457. 5829. 6089. 6432. 6484.
 6806. 6881. 7261. 7358. 7472. 7542. 7650. 7775. 7869. 8000. 8210. 7994.
 8233. 8333. 8469. 8394. 8568. 8601. 8561. 8727. 8675. 8713. 8705. 8685.
 8821. 8895. 8942. 8850. 9075. 8940. 9063. 8897. 8937. 4759. 4899. 4661.
 4834. 4923. 4794. 4890. 4909. 4894. 4751. 4855. 4867. 4954. 4885. 4877.
 4914. 4970. 5006. 4780. 4822. 4971. 4952. 4977. 4952. 5033. 4906. 4894.
 4942. 4942. 5089. 5005. 5024. 5026. 5057. 4920. 4938. 4957. 4940. 4997.
 5012. 5002. 5102. 4962. 5035. 5107. 4989. 4957. 5097. 5060. 4975.  426.
  467.  433.  432.  413.  437.  466.  439.  484.  439.  444.  440.  436.
  477.  467.  463.  453.  415.  420.  477.  441.  443.  433.  426.  466.
  452.  470.  434.  437.  429.  446.  446.  441.  444.  437.  458.  437.
  438.  441.  437.  436.  441.  430.  461.  419.  473.  444.  442.  460.
  423.]
Total events this file: 152537
Total events saved: 594944, Saved this file: 21474, Finsihed file: /mnt/scratch/micall12/training_files/NuMu_140000_000179_level2_sim4.zst_lt200_NOvertex_IC19.hdf5
[   0.    0.    0.    0.    0.    0.    0. 5547. 5921. 6167. 6544. 6582.
 6918. 6993. 7394. 7488. 7583. 7644. 7783. 7898. 8002. 8141. 8355. 8163.
 8366. 8453. 8618. 8537. 8705. 8743. 8691. 8855. 8836. 8850. 8882. 8816.
 8994. 9058. 9092. 8997. 9215. 9075. 9195. 9058. 9066. 5041. 5180. 4929.
 5110. 5194. 5050. 5160. 5187. 5174. 5029. 5135. 5158. 5240. 5171. 5137.
 5186. 5248. 5290. 5063. 5127. 5249. 5207. 5247. 5234. 5289. 5174. 5154.
 5216. 5214. 5393. 5281. 5322. 5322. 5336. 5185. 5205. 5226. 5215. 5300.
 5309. 5295. 5365. 5241. 5333. 5387. 5268. 5226. 5363. 5405. 5277.  486.
  515.  489.  477.  453.  486.  525.  496.  534.  481.  494.  473.  488.
  525.  512.  513.  504.  464.  457.  525.  492.  505.  484.  466.  520.
  496.  516.  483.  485.  473.  501.  505.  499.  482.  496.  493.  487.
  484.  495.  482.  496.  487.  479.  508.  468.  523.  515.  482.  500.
  473.]
Total events this file: 146635
Total events saved: 613724, Saved this file: 18780, Finsihed file: /mnt/scratch/micall12/training_files/NuMu_140000_000180_level2_sim4.zst_lt200_NOvertex_IC19.hdf5
[   0.    0.    0.    0.    0.    0.    0. 5576. 5955. 6217. 6593. 6629.
 6963. 7049. 7458. 7534. 7629. 7685. 7827. 7952. 8053. 8194. 8419. 8226.
 8427. 8519. 8683. 8603. 8763. 8792. 8753. 8900. 8890. 8915. 8950. 8871.
 9058. 9122. 9149. 9067. 9276. 9138. 9254. 9112. 9139. 5300. 5414. 5209.
 5388. 5461. 5331. 5457. 5438. 5450. 5301. 5407. 5407. 5501. 5418. 5415.
 5462. 5507. 5554. 5324. 5401. 5538. 5494. 5533. 5505. 5566. 5464. 5424.
 5466. 5493. 5668. 5557. 5620. 5591. 5640. 5438. 5487. 5474. 5479. 5597.
 5616. 5580. 5662. 5525. 5587. 5660. 5548. 5502. 5653. 5712. 5531.  552.
  574.  560.  527.  495.  551.  596.  561.  586.  550.  560.  537.  542.
  583.  568.  572.  564.  522.  523.  587.  538.  550.  551.  533.  591.
  552.  569.  539.  534.  531.  560.  560.  570.  545.  549.  536.  542.
  537.  565.  544.  554.  537.  538.  581.  529.  574.  576.  547.  551.
  536.]
Total events this file: 144725
Total events saved: 632800, Saved this file: 19076, Finsihed file: /mnt/scratch/micall12/training_files/NuMu_140000_000181_level2_sim4.zst_lt200_NOvertex_IC19.hdf5
[   0.    0.    0.    0.    0.    0.    0. 5619. 6017. 6274. 6654. 6696.
 7024. 7103. 7526. 7600. 7692. 7765. 7894. 8020. 8139. 8263. 8496. 8299.
 8515. 8597. 8741. 8673. 8856. 8877. 8834. 8988. 8958. 9023. 9041. 8947.
 9155. 9200. 9221. 9167. 9358. 9227. 9341. 9187. 9223. 5557. 5692. 5476.
 5650. 5731. 5573. 5720. 5709. 5757. 5587. 5662. 5660. 5776. 5722. 5684.
 5739. 5802. 5823. 5621. 5679. 5825. 5750. 5827. 5787. 5850. 5789. 5690.
 5730. 5768. 5947. 5817. 5919. 5844. 5923. 5713. 5758. 5752. 5765. 5852.
 5902. 5856. 5956. 5787. 5873. 5929. 5850. 5756. 5920. 5983. 5763.  587.
  621.  610.  584.  546.  594.  644.  617.  635.  605.  619.  587.  590.
  626.  615.  613.  606.  580.  587.  642.  596.  605.  590.  580.  636.
  596.  605.  588.  584.  571.  607.  612.  614.  596.  604.  579.  580.
  601.  613.  587.  601.  596.  586.  626.  576.  630.  625.  603.  602.
  592.]
Total events this file: 108892
Total events saved: 649078, Saved this file: 16278, Finsihed file: /mnt/scratch/micall12/training_files/NuMu_140000_000182_level2_sim4.zst_lt200_NOvertex_IC19.hdf5
[   0.    0.    0.    0.    0.    0.    0. 5825. 6231. 6506. 6863. 6949.
 7274. 7367. 7815. 7879. 7971. 8046. 8205. 8322. 8457. 8571. 8822. 8613.
 8819. 8908. 9052. 9009. 9203. 9171. 9154. 9336. 9309. 9346. 9363. 9260.
 9453. 9541. 9558. 9506. 9693. 9558. 9687. 9518. 9576. 5584. 5721. 5512.
 5680. 5779. 5615. 5757. 5742. 5798. 5626. 5693. 5701. 5810. 5765. 5716.
 5775. 5834. 5858. 5652. 5720. 5858. 5786. 5860. 5826. 5890. 5809. 5728.
 5765. 5803. 5983. 5843. 5949. 5884. 5959. 5742. 5791. 5790. 5801. 5885.
 5946. 5896. 5991. 5829. 5902. 5958. 5886. 5784. 5958. 6019. 5803.  648.
  686.  669.  642.  600.  661.  698.  677.  688.  659.  686.  641.  657.
  694.  675.  669.  667.  647.  651.  704.  658.  667.  643.  646.  697.
  650.  653.  637.  639.  622.  673.  671.  680.  673.  657.  660.  619.
  655.  672.  641.  686.  644.  648.  681.  631.  682.  684.  669.  666.
  657.]
Total events this file: 146548
Total events saved: 674429, Saved this file: 25351, Finsihed file: /mnt/scratch/micall12/training_files/NuMu_140000_000183_level2_sim4.zst_lt200_NOvertex_IC19.hdf5
[    0.     0.     0.     0.     0.     0.     0.  6061.  6448.  6736.
  7135.  7187.  7512.  7626.  8124.  8209.  8239.  8350.  8519.  8603.
  8758.  8860.  9110.  8955.  9097.  9246.  9388.  9335.  9527.  9494.
  9455.  9667.  9643.  9685.  9667.  9606.  9763.  9882.  9898.  9815.
 10062.  9913. 10052.  9885.  9895.  5866.  5975.  5784.  5931.  6052.
  5910.  5983.  6022.  6098.  5908.  5948.  5992.  6090.  6036.  5989.
  6063.  6095.  6133.  5918.  5998.  6138.  6073.  6137.  6120.  6138.
  6069.  6019.  6033.  6117.  6287.  6120.  6210.  6138.  6244.  6020.
  6062.  6051.  6073.  6166.  6223.  6188.  6278.  6088.  6169.  6238.
  6134.  6025.  6228.  6295.  6070.   648.   686.   669.   642.   600.
   661.   698.   677.   688.   659.   686.   641.   657.   694.   675.
   669.   667.   647.   651.   704.   658.   667.   643.   646.   697.
   650.   653.   637.   639.   622.   673.   671.   680.   673.   657.
   660.   619.   655.   672.   641.   686.   644.   648.   681.   631.
   682.   684.   669.   666.   657.]
Total events this file: 58259
Total events saved: 684985, Saved this file: 10556, Finsihed file: /mnt/scratch/micall12/training_files/NuMu_140000_000184_level2_sim4.zst_lt200_NOvertex_IC19.hdf5
[    0.     0.     0.     0.     0.     0.     0.  6242.  6649.  6965.
  7361.  7411.  7748.  7882.  8370.  8456.  8510.  8635.  8776.  8868.
  9028.  9140.  9397.  9246.  9394.  9518.  9680.  9627.  9826.  9816.
  9734.  9976.  9970.  9995.  9951.  9893. 10055. 10174. 10168. 10110.
 10374. 10214. 10367. 10207. 10230.  5866.  5975.  5784.  5931.  6052.
  5910.  5983.  6022.  6098.  5908.  5948.  5992.  6090.  6036.  5989.
  6063.  6095.  6133.  5918.  5998.  6138.  6073.  6137.  6120.  6138.
  6069.  6019.  6033.  6117.  6287.  6120.  6210.  6138.  6244.  6020.
  6062.  6051.  6073.  6166.  6223.  6188.  6278.  6088.  6169.  6238.
  6134.  6025.  6228.  6295.  6070.   648.   686.   669.   642.   600.
   661.   698.   677.   688.   659.   686.   641.   657.   694.   675.
   669.   667.   647.   651.   704.   658.   667.   643.   646.   697.
   650.   653.   637.   639.   622.   673.   671.   680.   673.   657.
   660.   619.   655.   672.   641.   686.   644.   648.   681.   631.
   682.   684.   669.   666.   657.]
Total events this file: 74368
Total events saved: 698333, Saved this file: 13348, Finsihed file: /mnt/scratch/micall12/training_files/NuMu_140000_000185_level2_sim4.zst_lt200_NOvertex_IC19.hdf5
[    0.     0.     0.     0.     0.     0.     0.  6454.  6860.  7174.
  7595.  7659.  8013.  8160.  8652.  8768.  8798.  8927.  9069.  9163.
  9344.  9482.  9731.  9535.  9700.  9821. 10007.  9915. 10143. 10156.
 10044. 10323. 10287. 10320. 10293. 10222. 10380. 10494. 10490. 10464.
 10747. 10554. 10719. 10588. 10574.  5898.  5999.  5812.  5964.  6086.
  5945.  6011.  6050.  6136.  5935.  5990.  6019.  6134.  6070.  6024.
  6099.  6122.  6185.  5943.  6027.  6173.  6108.  6169.  6159.  6167.
  6101.  6047.  6055.  6153.  6320.  6159.  6239.  6170.  6277.  6053.
  6095.  6090.  6116.  6194.  6267.  6214.  6324.  6117.  6210.  6265.
  6174.  6059.  6257.  6338.  6109.   648.   686.   669.   642.   600.
   661.   698.   677.   688.   659.   686.   641.   657.   694.   675.
   669.   667.   647.   651.   704.   658.   667.   643.   646.   697.
   650.   653.   637.   639.   622.   673.   671.   680.   673.   657.
   660.   619.   655.   672.   641.   686.   644.   648.   681.   631.
   682.   684.   669.   666.   657.]
Total events this file: 58120
Total events saved: 708722, Saved this file: 10389, Finsihed file: /mnt/scratch/micall12/training_files/NuMu_140000_000186_level2_sim4.zst_lt200_NOvertex_IC19.hdf5
[    0.     0.     0.     0.     0.     0.     0.  6648.  7057.  7366.
  7808.  7882.  8240.  8385.  8892.  9007.  9057.  9182.  9318.  9440.
  9605.  9784.  9997.  9809.  9966. 10114. 10293. 10201. 10449. 10438.
 10331. 10597. 10603. 10627. 10575. 10550. 10678. 10843. 10799. 10783.
 11067. 10854. 11021. 10887. 10861.  5898.  5999.  5812.  5964.  6086.
  5945.  6011.  6050.  6136.  5935.  5990.  6019.  6134.  6070.  6024.
  6099.  6122.  6185.  5943.  6027.  6173.  6108.  6169.  6159.  6167.
  6101.  6047.  6055.  6153.  6320.  6159.  6239.  6170.  6277.  6053.
  6095.  6090.  6116.  6194.  6267.  6214.  6324.  6117.  6210.  6265.
  6174.  6059.  6257.  6338.  6109.   648.   686.   669.   642.   600.
   661.   698.   677.   688.   659.   686.   641.   657.   694.   675.
   669.   667.   647.   651.   704.   658.   667.   643.   646.   697.
   650.   653.   637.   639.   622.   673.   671.   680.   673.   657.
   660.   619.   655.   672.   641.   686.   644.   648.   681.   631.
   682.   684.   669.   666.   657.]
Total events this file: 99464
Total events saved: 724926, Saved this file: 16204, Finsihed file: /mnt/scratch/micall12/training_files/NuMu_140000_000187_level2_sim4.zst_lt200_NOvertex_IC19.hdf5
[    0.     0.     0.     0.     0.     0.     0.  6873.  7256.  7589.
  8053.  8127.  8492.  8639.  9177.  9314.  9363.  9449.  9599.  9721.
  9931. 10092. 10292. 10135. 10283. 10443. 10629. 10540. 10747. 10779.
 10642. 10924. 10942. 10939. 10916. 10892. 11023. 11165. 11139. 11114.
 11386. 11181. 11364. 11227. 11160.  5934.  6027.  5836.  5993.  6118.
  5971.  6038.  6084.  6178.  5971.  6029.  6049.  6167.  6096.  6058.
  6126.  6164.  6221.  5969.  6065.  6212.  6134.  6204.  6190.  6204.
  6140.  6077.  6085.  6187.  6353.  6191.  6275.  6214.  6320.  6082.
  6120.  6124.  6151.  6232.  6307.  6257.  6357.  6140.  6243.  6300.
  6209.  6091.  6295.  6366.  6147.   714.   753.   726.   703.   663.
   703.   734.   736.   756.   731.   754.   701.   715.   745.   735.
   717.   730.   722.   705.   774.   714.   724.   707.   719.   745.
   715.   711.   707.   690.   699.   740.   735.   737.   741.   716.
   722.   674.   713.   725.   686.   737.   703.   712.   748.   702.
   748.   743.   724.   723.   711.]
Total events this file: 90456
Total events saved: 741266, Saved this file: 16340, Finsihed file: /mnt/scratch/micall12/training_files/NuMu_140000_000188_level2_sim4.zst_lt200_NOvertex_IC19.hdf5
[    0.     0.     0.     0.     0.     0.     0.  7085.  7477.  7820.
  8308.  8347.  8768.  8902.  9444.  9608.  9662.  9756.  9899. 10006.
 10218. 10409. 10593. 10452. 10564. 10762. 10956. 10863. 11102. 11081.
 10967. 11255. 11261. 11303. 11271. 11250. 11364. 11534. 11460. 11452.
 11733. 11501. 11728. 11565. 11501.  5965.  6066.  5872.  6023.  6154.
  6000.  6062.  6117.  6200.  6000.  6065.  6081.  6206.  6136.  6097.
  6160.  6200.  6258.  5989.  6098.  6249.  6166.  6240.  6226.  6237.
  6178.  6113.  6114.  6226.  6401.  6229.  6310.  6238.  6356.  6117.
  6145.  6152.  6184.  6267.  6344.  6291.  6393.  6167.  6284.  6329.
  6253.  6123.  6326.  6404.  6181.   771.   791.   781.   766.   725.
   754.   798.   791.   805.   798.   805.   764.   768.   813.   782.
   767.   801.   788.   769.   835.   773.   783.   773.   777.   801.
   789.   763.   774.   745.   755.   787.   803.   798.   803.   785.
   795.   738.   768.   785.   743.   783.   759.   764.   818.   754.
   817.   802.   790.   788.   762.]
Total events this file: 168276
Total events saved: 768977, Saved this file: 27711, Finsihed file: /mnt/scratch/micall12/training_files/NuMu_140000_000189_level2_sim4.zst_lt200_NOvertex_IC19.hdf5
[    0.     0.     0.     0.     0.     0.     0.  7316.  7697.  8057.
  8532.  8612.  9024.  9185.  9736.  9880.  9971. 10045. 10170. 10288.
 10522. 10707. 10895. 10766. 10844. 11107. 11287. 11156. 11466. 11393.
 11301. 11580. 11599. 11614. 11622. 11557. 11695. 11869. 11814. 11780.
 12084. 11874. 12073. 11914. 11878.  6228.  6336.  6150.  6285.  6436.
  6268.  6351.  6375.  6468.  6258.  6344.  6340.  6463.  6415.  6392.
  6410.  6476.  6520.  6238.  6373.  6510.  6454.  6514.  6480.  6530.
  6435.  6383.  6365.  6504.  6668.  6503.  6548.  6516.  6637.  6383.
  6424.  6433.  6459.  6547.  6596.  6552.  6675.  6453.  6589.  6641.
  6491.  6432.  6614.  6651.  6445.   817.   835.   823.   824.   776.
   805.   850.   841.   857.   847.   867.   813.   812.   862.   827.
   809.   847.   831.   823.   872.   817.   839.   823.   834.   847.
   837.   809.   816.   793.   814.   825.   866.   845.   863.   829.
   838.   782.   817.   836.   790.   825.   801.   805.   869.   802.
   871.   861.   845.   849.   823.]
Total events this file: 135730
Total events saved: 787373, Saved this file: 18396, Finsihed file: /mnt/scratch/micall12/training_files/NuMu_140000_000190_level2_sim4.zst_lt200_NOvertex_IC19.hdf5
[    0.     0.     0.     0.     0.     0.     0.  7347.  7723.  8081.
  8575.  8644.  9071.  9215.  9774.  9932. 10012. 10095. 10204. 10329.
 10577. 10748. 10942. 10816. 10883. 11144. 11326. 11198. 11507. 11452.
 11345. 11623. 11648. 11663. 11670. 11608. 11745. 11923. 11855. 11830.
 12135. 11919. 12125. 11967. 11928.  6495.  6620.  6399.  6547.  6715.
  6544.  6607.  6637.  6726.  6552.  6612.  6601.  6744.  6685.  6684.
  6703.  6764.  6809.  6518.  6636.  6768.  6750.  6789.  6749.  6809.
  6695.  6656.  6660.  6797.  6955.  6797.  6814.  6804.  6905.  6648.
  6706.  6707.  6750.  6833.  6878.  6813.  6929.  6743.  6873.  6917.
  6779.  6717.  6885.  6952.  6700.   875.   884.   891.   883.   839.
   865.   916.   903.   913.   909.   915.   874.   869.   911.   875.
   874.   901.   896.   892.   933.   874.   898.   870.   894.   921.
   902.   872.   872.   840.   868.   885.   926.   901.   924.   887.
   891.   830.   870.   885.   854.   882.   865.   867.   922.   863.
   922.   918.   906.   915.   876.]
Total events this file: 147952
Total events saved: 813085, Saved this file: 25712, Finsihed file: /mnt/scratch/micall12/training_files/NuMu_140000_000191_level2_sim4.zst_lt200_NOvertex_IC19.hdf5
[    0.     0.     0.     0.     0.     0.     0.  7585.  7948.  8312.
  8821.  8869.  9322.  9516. 10022. 10230. 10272. 10388. 10491. 10642.
 10891. 11063. 11253. 11150. 11197. 11454. 11661. 11507. 11822. 11783.
 11666. 11965. 11985. 11967. 12004. 11935. 12082. 12282. 12195. 12186.
 12515. 12255. 12490. 12328. 12270.  6788.  6901.  6676.  6830.  7020.
  6815.  6880.  6909.  7011.  6815.  6874.  6863.  7022.  6968.  6951.
  6955.  7059.  7076.  6802.  6898.  7045.  7027.  7110.  7003.  7123.
  6987.  6947.  6938.  7080.  7210.  7128.  7075.  7088.  7183.  6921.
  6984.  6992.  7013.  7137.  7135.  7106.  7214.  7027.  7144.  7193.
  7060.  6995.  7166.  7198.  7001.   875.   884.   891.   883.   839.
   865.   916.   903.   913.   909.   915.   874.   869.   911.   875.
   874.   901.   896.   892.   933.   874.   898.   870.   894.   921.
   902.   872.   872.   840.   868.   885.   926.   901.   924.   887.
   891.   830.   870.   885.   854.   882.   865.   867.   922.   863.
   922.   918.   906.   915.   876.]
Total events this file: 154002
Total events saved: 838270, Saved this file: 25185, Finsihed file: /mnt/scratch/micall12/training_files/NuMu_140000_000192_level2_sim4.zst_lt200_NOvertex_IC19.hdf5
[    0.     0.     0.     0.     0.     0.     0.  7794.  8176.  8566.
  9072.  9118.  9584.  9757. 10302. 10530. 10567. 10650. 10789. 10915.
 11211. 11381. 11584. 11482. 11491. 11765. 11979. 11815. 12129. 12085.
 12003. 12300. 12304. 12312. 12318. 12255. 12435. 12615. 12525. 12539.
 12837. 12571. 12798. 12712. 12550.  7021.  7187.  6940.  7076.  7276.
  7092.  7151.  7174.  7273.  7110.  7128.  7156.  7289.  7239.  7241.
  7212.  7346.  7374.  7076.  7173.  7304.  7309.  7391.  7274.  7414.
  7258.  7212.  7215.  7356.  7464.  7392.  7356.  7368.  7443.  7158.
  7262.  7259.  7304.  7400.  7440.  7368.  7508.  7323.  7419.  7468.
  7355.  7256.  7448.  7472.  7306.   875.   884.   891.   883.   839.
   865.   916.   903.   913.   909.   915.   874.   869.   911.   875.
   874.   901.   896.   892.   933.   874.   898.   870.   894.   921.
   902.   872.   872.   840.   868.   885.   926.   901.   924.   887.
   891.   830.   870.   885.   854.   882.   865.   867.   922.   863.
   922.   918.   906.   915.   876.]
Total events this file: 147831
Total events saved: 866027, Saved this file: 27757, Finsihed file: /mnt/scratch/micall12/training_files/NuMu_140000_000193_level2_sim4.zst_lt200_NOvertex_IC19.hdf5
[    0.     0.     0.     0.     0.     0.     0.  8010.  8373.  8797.
  9321.  9384.  9871. 10063. 10570. 10825. 10809. 10909. 11055. 11217.
 11500. 11708. 11900. 11797. 11780. 12086. 12285. 12146. 12472. 12401.
 12330. 12620. 12652. 12665. 12628. 12575. 12774. 12954. 12867. 12863.
 13218. 12901. 13148. 13042. 12894.  7294.  7457.  7192.  7338.  7576.
  7370.  7425.  7468.  7546.  7396.  7394.  7435.  7557.  7493.  7507.
  7465.  7626.  7617.  7320.  7473.  7524.  7589.  7671.  7551.  7685.
  7543.  7500.  7521.  7629.  7747.  7684.  7619.  7633.  7711.  7427.
  7524.  7550.  7566.  7707.  7730.  7660.  7783.  7579.  7693.  7759.
  7615.  7526.  7732.  7756.  7565.   917.   941.   943.   932.   884.
   906.   952.   945.   958.   950.   962.   929.   915.   971.   928.
   920.   954.   943.   941.   980.   930.   956.   917.   953.   968.
   949.   911.   931.   891.   925.   931.   982.   938.   975.   938.
   944.   884.   920.   939.   923.   928.   915.   928.   960.   916.
   968.   960.   941.   962.   935.]
Total events this file: 156109
Total events saved: 891541, Saved this file: 25514, Finsihed file: /mnt/scratch/micall12/training_files/NuMu_140000_000194_level2_sim4.zst_lt200_NOvertex_IC19.hdf5
[    0.     0.     0.     0.     0.     0.     0.  8227.  8590.  9019.
  9546.  9646. 10105. 10322. 10856. 11120. 11090. 11194. 11356. 11500.
 11795. 11996. 12217. 12110. 12086. 12391. 12620. 12504. 12822. 12740.
 12652. 12959. 12986. 12976. 12955. 12906. 13148. 13304. 13228. 13186.
 13589. 13203. 13517. 13399. 13244.  7551.  7728.  7449.  7621.  7843.
  7621.  7704.  7720.  7792.  7684.  7661.  7738.  7823.  7778.  7790.
  7702.  7897.  7900.  7597.  7776.  7835.  7872.  7966.  7821.  7966.
  7833.  7753.  7797.  7896.  8039.  7971.  7920.  7913.  7979.  7689.
  7810.  7836.  7819.  8005.  8023.  7959.  8061.  7864.  7985.  8018.
  7882.  7792.  7985.  8005.  7879.   917.   941.   943.   932.   884.
   906.   952.   945.   958.   950.   962.   929.   915.   971.   928.
   920.   954.   943.   941.   980.   930.   956.   917.   953.   968.
   949.   911.   931.   891.   925.   931.   982.   938.   975.   938.
   944.   884.   920.   939.   923.   928.   915.   928.   960.   916.
   968.   960.   941.   962.   935.]
Total events this file: 131498
Total events saved: 913957, Saved this file: 22416, Finsihed file: /mnt/scratch/micall12/training_files/NuMu_140000_000195_level2_sim4.zst_lt200_NOvertex_IC19.hdf5
[    0.     0.     0.     0.     0.     0.     0.  8402.  8808.  9231.
  9761.  9868. 10357. 10566. 11101. 11397. 11349. 11459. 11621. 11764.
 12052. 12282. 12498. 12383. 12356. 12698. 12914. 12790. 13127. 13022.
 12930. 13248. 13268. 13243. 13248. 13208. 13441. 13604. 13549. 13517.
 13878. 13491. 13817. 13716. 13524.  7799.  7941.  7700.  7864.  8062.
  7860.  7942.  7942.  8044.  7913.  7919.  7987.  8094.  8031.  8034.
  7942.  8151.  8158.  7838.  8028.  8090.  8093.  8169.  8052.  8175.
  8100.  7968.  8050.  8159.  8289.  8242.  8158.  8161.  8206.  7942.
  8037.  8071.  8043.  8244.  8253.  8199.  8309.  8103.  8220.  8258.
  8117.  8016.  8230.  8247.  8130.   917.   941.   943.   932.   884.
   906.   952.   945.   958.   950.   962.   929.   915.   971.   928.
   920.   954.   943.   941.   980.   930.   956.   917.   953.   968.
   949.   911.   931.   891.   925.   931.   982.   938.   975.   938.
   944.   884.   920.   939.   923.   928.   915.   928.   960.   916.
   968.   960.   941.   962.   935.]
Total events this file: 167032
Total events saved: 941529, Saved this file: 27572, Finsihed file: /mnt/scratch/micall12/training_files/NuMu_140000_000196_level2_sim4.zst_lt200_NOvertex_IC19.hdf5
[    0.     0.     0.     0.     0.     0.     0.  8602.  9035.  9449.
 10029. 10117. 10639. 10814. 11357. 11686. 11638. 11759. 11938. 12099.
 12351. 12590. 12807. 12723. 12640. 13015. 13239. 13125. 13441. 13346.
 13261. 13567. 13617. 13582. 13594. 13537. 13737. 13936. 13876. 13842.
 14220. 13846. 14171. 14049. 13861.  8049.  8205.  7957.  8158.  8324.
  8137.  8213.  8209.  8361.  8155.  8171.  8244.  8362.  8306.  8304.
  8191.  8443.  8432.  8085.  8306.  8370.  8363.  8421.  8327.  8432.
  8375.  8274.  8334.  8455.  8597.  8496.  8440.  8470.  8486.  8206.
  8310.  8324.  8321.  8558.  8543.  8472.  8601.  8365.  8479.  8534.
  8405.  8276.  8499.  8515.  8405.   965.   999.   996.   996.   933.
   954.   998.   983.  1006.  1004.  1007.   967.   956.  1020.   979.
   960.  1000.   971.   985.  1025.   976.   999.   967.   998.  1016.
   989.   947.   979.   932.   972.   971.  1019.   985.  1029.   991.
   987.   927.   958.   987.   988.   968.   953.   974.  1000.   944.
  1007.  1000.   974.  1011.   977.]
Total events this file: 122445
Total events saved: 964255, Saved this file: 22726, Finsihed file: /mnt/scratch/micall12/training_files/NuMu_140000_000197_level2_sim4.zst_lt200_NOvertex_IC19.hdf5
[    0.     0.     0.     0.     0.     0.     0.  8809.  9243.  9639.
 10236. 10361. 10893. 11071. 11623. 11923. 11917. 12039. 12205. 12392.
 12623. 12872. 13109. 12990. 12955. 13305. 13548. 13423. 13740. 13600.
 13557. 13861. 13900. 13893. 13918. 13835. 14039. 14216. 14165. 14151.
 14552. 14153. 14496. 14380. 14186.  8289.  8450.  8194.  8417.  8548.
  8350.  8461.  8439.  8571.  8402.  8408.  8504.  8599.  8517.  8536.
  8437.  8695.  8646.  8347.  8576.  8624.  8614.  8637.  8552.  8686.
  8600.  8525.  8579.  8674.  8860.  8724.  8670.  8733.  8707.  8424.
  8556.  8572.  8574.  8798.  8789.  8728.  8850.  8641.  8734.  8758.
  8650.  8524.  8729.  8772.  8638.   965.   999.   996.   996.   933.
   954.   998.   983.  1006.  1004.  1007.   967.   956.  1020.   979.
   960.  1000.   971.   985.  1025.   976.   999.   967.   998.  1016.
   989.   947.   979.   932.   972.   971.  1019.   985.  1029.   991.
   987.   927.   958.   987.   988.   968.   953.   974.  1000.   944.
  1007.  1000.   974.  1011.   977.]
Total events this file: 93284
Total events saved: 980338, Saved this file: 16083, Finsihed file: /mnt/scratch/micall12/training_files/NuMu_140000_000198_level2_sim4.zst_lt200_NOvertex_IC19.hdf5
[    0.     0.     0.     0.     0.     0.     0.  8849.  9282.  9691.
 10281. 10420. 10953. 11122. 11683. 11975. 11986. 12109. 12280. 12455.
 12678. 12939. 13167. 13058. 13013. 13363. 13606. 13483. 13797. 13679.
 13625. 13914. 13990. 13953. 13997. 13902. 14114. 14279. 14241. 14230.
 14625. 14216. 14562. 14454. 14255.  8571.  8705.  8459.  8686.  8787.
  8620.  8718.  8719.  8845.  8680.  8701.  8746.  8888.  8751.  8812.
  8708.  8984.  8924.  8614.  8826.  8917.  8888.  8897.  8836.  8937.
  8885.  8802.  8843.  8961.  9120.  8986.  8949.  9015.  8987.  8714.
  8845.  8832.  8855.  9082.  9076.  9000.  9123.  8912.  8996.  9034.
  8948.  8818.  9014.  9073.  8894.   965.   999.   996.   996.   933.
   954.   998.   983.  1006.  1004.  1007.   967.   956.  1020.   979.
   960.  1000.   971.   985.  1025.   976.   999.   967.   998.  1016.
   989.   947.   979.   932.   972.   971.  1019.   985.  1029.   991.
   987.   927.   958.   987.   988.   968.   953.   974.  1000.   944.
  1007.  1000.   974.  1011.   977.]
Total events this file: 126970
Total events saved: 1005723, Saved this file: 25385, Finsihed file: /mnt/scratch/micall12/training_files/NuMu_140000_000199_level2_sim4.zst_lt200_NOvertex_IC19.hdf5
[    0.     0.     0.     0.     0.     0.     0.  9064.  9497.  9961.
 10508. 10636. 11176. 11386. 11966. 12245. 12297. 12381. 12591. 12746.
 12988. 13262. 13455. 13377. 13296. 13671. 13896. 13829. 14092. 14025.
 13953. 14247. 14309. 14303. 14304. 14220. 14460. 14604. 14593. 14584.
 14981. 14566. 14922. 14800. 14597.  8846.  8965.  8759.  8962.  9055.
  8934.  9010.  9001.  9108.  8951.  9012.  9011.  9175.  9040.  9056.
  8951.  9273.  9173.  8913.  9103.  9197.  9171.  9142.  9113.  9227.
  9155.  9101.  9141.  9260.  9412.  9230.  9225.  9287.  9278.  8941.
  9116.  9110.  9162.  9376.  9345.  9281.  9392.  9176.  9247.  9322.
  9227.  9090.  9282.  9343.  9159.   965.   999.   996.   996.   933.
   954.   998.   983.  1006.  1004.  1007.   967.   956.  1020.   979.
   960.  1000.   971.   985.  1025.   976.   999.   967.   998.  1016.
   989.   947.   979.   932.   972.   971.  1019.   985.  1029.   991.
   987.   927.   958.   987.   988.   968.   953.   974.  1000.   944.
  1007.  1000.   974.  1011.   977.]
[    0.     0.     0.     0.     0.     0.     0.  9064.  9497.  9961.
 10508. 10636. 11176. 11386. 11966. 12245. 12297. 12381. 12591. 12746.
 12988. 13262. 13455. 13377. 13296. 13671. 13896. 13829. 14092. 14025.
 13953. 14247. 14309. 14303. 14304. 14220. 14460. 14604. 14593. 14584.
 14981. 14566. 14922. 14800. 14597.  8846.  8965.  8759.  8962.  9055.
  8934.  9010.  9001.  9108.  8951.  9012.  9011.  9175.  9040.  9056.
  8951.  9273.  9173.  8913.  9103.  9197.  9171.  9142.  9113.  9227.
  9155.  9101.  9141.  9260.  9412.  9230.  9225.  9287.  9278.  8941.
  9116.  9110.  9162.  9376.  9345.  9281.  9392.  9176.  9247.  9322.
  9227.  9090.  9282.  9343.  9159.   965.   999.   996.   996.   933.
   954.   998.   983.  1006.  1004.  1007.   967.   956.  1020.   979.
   960.  1000.   971.   985.  1025.   976.   999.   967.   998.  1016.
   989.   947.   979.   932.   972.   971.  1019.   985.  1029.   991.
   987.   927.   958.   987.   988.   968.   953.   974.  1000.   944.
  1007.  1000.   974.  1011.   977.]
Total events saved: 1005723
I put evnts 0 - 1005723 into /mnt/scratch/micall12/training_files/NuMu_140000_level2_sim4B_IC19_old_start_DClt150_CC_old_start_DC_all_end_flat_145bins_26659evtperbin.hdf5
