Keeping CC event types
Saving PEGLEG info: False 
Bin size: 1.000000 GeV 
Max Count Per Bin: 26659 events 
Energy Range: 5.000000 - 150.000000 
Starting cut: start_DC 
Ending cut: all_end 
Shuffling: False 
Keeping event types: CC
Total events this file: 146918
Total events saved: 29541, Saved this file: 29541, Finsihed file: /mnt/scratch/micall12/training_files/NuMu_140000_000150_level2_sim4.zst_lt200_NOvertex_IC19.hdf5
[  0.   0.   0.   0.   0.   0.   0. 196. 231. 254. 274. 276. 288. 267.
 298. 265. 298. 309. 333. 289. 306. 334. 369. 334. 338. 356. 332. 317.
 360. 357. 359. 371. 372. 345. 340. 381. 354. 370. 369. 376. 362. 365.
 380. 338. 375. 255. 287. 260. 303. 301. 274. 281. 309. 298. 299. 280.
 294. 336. 289. 326. 276. 284. 328. 257. 289. 323. 293. 274. 309. 315.
 247. 279. 275. 291. 328. 260. 314. 295. 300. 319. 281. 280. 278. 308.
 298. 282. 302. 280. 297. 301. 302. 285. 301. 280. 265.  54.  48.  48.
  52.  45.  47.  54.  51.  55.  51.  45.  48.  38.  51.  40.  57.  47.
  59.  46.  56.  45.  47.  59.  56.  59.  50.  58.  41.  58.  46.  50.
  46.  50.  48.  40.  42.  51.  56.  52.  66.  47.  49.  58.  45.  40.
  62.  48.  59.  43.  52.]
Total events this file: 156446
Total events saved: 56931, Saved this file: 27390, Finsihed file: /mnt/scratch/micall12/training_files/NuMu_140000_000151_level2_sim4.zst_lt200_NOvertex_IC19.hdf5
[  0.   0.   0.   0.   0.   0.   0. 409. 459. 517. 531. 527. 563. 563.
 588. 588. 635. 630. 651. 605. 665. 666. 718. 690. 714. 708. 691. 650.
 698. 686. 701. 711. 728. 713. 716. 731. 750. 716. 736. 732. 726. 718.
 784. 698. 755. 545. 559. 558. 595. 558. 557. 549. 617. 573. 575. 593.
 592. 623. 572. 611. 593. 591. 604. 529. 610. 627. 574. 580. 608. 609.
 545. 580. 575. 570. 629. 575. 591. 572. 612. 632. 558. 579. 568. 630.
 590. 592. 604. 588. 581. 622. 606. 569. 618. 581. 580.  54.  48.  48.
  52.  45.  47.  54.  51.  55.  51.  45.  48.  38.  51.  40.  57.  47.
  59.  46.  56.  45.  47.  59.  56.  59.  50.  58.  41.  58.  46.  50.
  46.  50.  48.  40.  42.  51.  56.  52.  66.  47.  49.  58.  45.  40.
  62.  48.  59.  43.  52.]
Total events this file: 82617
Total events saved: 70986, Saved this file: 14055, Finsihed file: /mnt/scratch/micall12/training_files/NuMu_140000_000152_level2_sim4.zst_lt200_NOvertex_IC19.hdf5
[   0.    0.    0.    0.    0.    0.    0.  629.  703.  763.  794.  784.
  850.  849.  889.  874.  935.  922.  974.  915.  979.  992. 1063. 1020.
 1055. 1049. 1022. 1004. 1017. 1029. 1065. 1047. 1039. 1063. 1065. 1088.
 1076. 1059. 1083. 1104. 1075. 1102. 1135. 1067. 1140.  580.  601.  590.
  632.  590.  589.  588.  651.  617.  605.  640.  625.  662.  609.  643.
  622.  621.  646.  565.  649.  667.  609.  626.  641.  639.  584.  613.
  608.  619.  673.  601.  620.  613.  648.  662.  600.  614.  601.  671.
  615.  628.  644.  632.  614.  655.  645.  608.  651.  613.  613.   54.
   48.   48.   52.   45.   47.   54.   51.   55.   51.   45.   48.   38.
   51.   40.   57.   47.   59.   46.   56.   45.   47.   59.   56.   59.
   50.   58.   41.   58.   46.   50.   46.   50.   48.   40.   42.   51.
   56.   52.   66.   47.   49.   58.   45.   40.   62.   48.   59.   43.
   52.]
Total events this file: 155621
Total events saved: 98328, Saved this file: 27342, Finsihed file: /mnt/scratch/micall12/training_files/NuMu_140000_000153_level2_sim4.zst_lt200_NOvertex_IC19.hdf5
[   0.    0.    0.    0.    0.    0.    0.  846.  924.  997. 1053. 1058.
 1107. 1141. 1204. 1173. 1246. 1232. 1298. 1248. 1296. 1340. 1364. 1314.
 1400. 1384. 1376. 1352. 1357. 1396. 1401. 1406. 1363. 1473. 1452. 1434.
 1457. 1436. 1464. 1454. 1416. 1439. 1492. 1422. 1539.  850.  926.  873.
  943.  850.  886.  874.  946.  926.  923.  911.  912.  966.  885.  907.
  901.  952.  932.  844.  941.  973.  928.  944.  933.  954.  917.  895.
  911.  903. 1000.  903.  918.  914.  952.  975.  884.  908.  904.  954.
  905.  937.  955.  939.  933.  958.  929.  922.  938.  925.  900.   54.
   48.   48.   52.   45.   47.   54.   51.   55.   51.   45.   48.   38.
   51.   40.   57.   47.   59.   46.   56.   45.   47.   59.   56.   59.
   50.   58.   41.   58.   46.   50.   46.   50.   48.   40.   42.   51.
   56.   52.   66.   47.   49.   58.   45.   40.   62.   48.   59.   43.
   52.]
Total events this file: 155413
Total events saved: 125367, Saved this file: 27039, Finsihed file: /mnt/scratch/micall12/training_files/NuMu_140000_000154_level2_sim4.zst_lt200_NOvertex_IC19.hdf5
[   0.    0.    0.    0.    0.    0.    0. 1065. 1150. 1241. 1295. 1327.
 1417. 1398. 1492. 1466. 1559. 1520. 1597. 1561. 1609. 1692. 1708. 1639.
 1730. 1702. 1746. 1673. 1724. 1729. 1745. 1757. 1681. 1812. 1807. 1791.
 1774. 1798. 1807. 1814. 1813. 1784. 1855. 1786. 1929. 1145. 1221. 1186.
 1221. 1158. 1150. 1194. 1242. 1210. 1217. 1210. 1169. 1272. 1185. 1202.
 1193. 1234. 1204. 1147. 1212. 1289. 1228. 1252. 1222. 1227. 1205. 1174.
 1196. 1203. 1305. 1210. 1208. 1240. 1259. 1277. 1165. 1219. 1211. 1285.
 1192. 1231. 1253. 1251. 1211. 1241. 1239. 1232. 1245. 1232. 1185.   54.
   48.   48.   52.   45.   47.   54.   51.   55.   51.   45.   48.   38.
   51.   40.   57.   47.   59.   46.   56.   45.   47.   59.   56.   59.
   50.   58.   41.   58.   46.   50.   46.   50.   48.   40.   42.   51.
   56.   52.   66.   47.   49.   58.   45.   40.   62.   48.   59.   43.
   52.]
Total events this file: 156206
Total events saved: 152679, Saved this file: 27312, Finsihed file: /mnt/scratch/micall12/training_files/NuMu_140000_000155_level2_sim4.zst_lt200_NOvertex_IC19.hdf5
[   0.    0.    0.    0.    0.    0.    0. 1279. 1368. 1483. 1571. 1605.
 1689. 1683. 1797. 1797. 1881. 1858. 1925. 1855. 1896. 2035. 2029. 1980.
 2071. 2018. 2076. 1994. 2050. 2098. 2097. 2096. 2013. 2148. 2152. 2146.
 2162. 2169. 2189. 2150. 2158. 2186. 2226. 2158. 2276. 1432. 1521. 1463.
 1522. 1468. 1437. 1486. 1547. 1491. 1489. 1509. 1463. 1574. 1461. 1494.
 1486. 1514. 1524. 1441. 1523. 1564. 1517. 1558. 1489. 1549. 1491. 1461.
 1476. 1499. 1622. 1536. 1510. 1549. 1580. 1568. 1479. 1489. 1527. 1587.
 1509. 1515. 1597. 1564. 1517. 1564. 1534. 1518. 1546. 1547. 1493.   54.
   48.   48.   52.   45.   47.   54.   51.   55.   51.   45.   48.   38.
   51.   40.   57.   47.   59.   46.   56.   45.   47.   59.   56.   59.
   50.   58.   41.   58.   46.   50.   46.   50.   48.   40.   42.   51.
   56.   52.   66.   47.   49.   58.   45.   40.   62.   48.   59.   43.
   52.]
Total events this file: 156180
Total events saved: 179943, Saved this file: 27264, Finsihed file: /mnt/scratch/micall12/training_files/NuMu_140000_000156_level2_sim4.zst_lt200_NOvertex_IC19.hdf5
[   0.    0.    0.    0.    0.    0.    0. 1503. 1589. 1734. 1820. 1879.
 1981. 1943. 2103. 2134. 2201. 2141. 2248. 2177. 2207. 2351. 2389. 2307.
 2404. 2352. 2364. 2312. 2398. 2415. 2436. 2441. 2363. 2501. 2488. 2496.
 2524. 2557. 2562. 2509. 2526. 2538. 2629. 2535. 2605. 1735. 1823. 1708.
 1803. 1791. 1749. 1771. 1833. 1792. 1762. 1811. 1775. 1859. 1763. 1799.
 1787. 1839. 1808. 1731. 1812. 1869. 1806. 1857. 1802. 1875. 1792. 1787.
 1779. 1825. 1911. 1819. 1824. 1853. 1900. 1871. 1763. 1765. 1819. 1900.
 1828. 1807. 1902. 1835. 1822. 1861. 1842. 1804. 1828. 1854. 1815.   54.
   48.   48.   52.   45.   47.   54.   51.   55.   51.   45.   48.   38.
   51.   40.   57.   47.   59.   46.   56.   45.   47.   59.   56.   59.
   50.   58.   41.   58.   46.   50.   46.   50.   48.   40.   42.   51.
   56.   52.   66.   47.   49.   58.   45.   40.   62.   48.   59.   43.
   52.]
Total events this file: 156673
Total events saved: 207240, Saved this file: 27297, Finsihed file: /mnt/scratch/micall12/training_files/NuMu_140000_000157_level2_sim4.zst_lt200_NOvertex_IC19.hdf5
[   0.    0.    0.    0.    0.    0.    0. 1709. 1839. 2015. 2083. 2169.
 2239. 2221. 2402. 2432. 2497. 2454. 2597. 2506. 2523. 2670. 2729. 2625.
 2735. 2703. 2679. 2673. 2757. 2779. 2789. 2833. 2729. 2860. 2824. 2868.
 2915. 2935. 2933. 2844. 2891. 2888. 2988. 2895. 2971. 2026. 2124. 2012.
 2095. 2088. 2025. 2048. 2144. 2084. 2066. 2076. 2087. 2125. 2076. 2079.
 2069. 2127. 2113. 2042. 2081. 2136. 2081. 2170. 2103. 2169. 2075. 2127.
 2075. 2118. 2178. 2134. 2153. 2142. 2203. 2170. 2094. 2034. 2141. 2181.
 2137. 2091. 2200. 2130. 2113. 2179. 2149. 2085. 2127. 2154. 2090.   54.
   48.   48.   52.   45.   47.   54.   51.   55.   51.   45.   48.   38.
   51.   40.   57.   47.   59.   46.   56.   45.   47.   59.   56.   59.
   50.   58.   41.   58.   46.   50.   46.   50.   48.   40.   42.   51.
   56.   52.   66.   47.   49.   58.   45.   40.   62.   48.   59.   43.
   52.]
Total events this file: 68216
Total events saved: 221271, Saved this file: 14031, Finsihed file: /mnt/scratch/micall12/training_files/NuMu_140000_000158_level2_sim4.zst_lt200_NOvertex_IC19.hdf5
[   0.    0.    0.    0.    0.    0.    0. 1895. 2092. 2268. 2339. 2437.
 2498. 2513. 2685. 2737. 2752. 2737. 2907. 2810. 2824. 2999. 3061. 2951.
 3060. 3031. 3032. 3007. 3124. 3126. 3117. 3197. 3101. 3242. 3179. 3237.
 3254. 3283. 3307. 3201. 3262. 3281. 3348. 3261. 3337. 2067. 2162. 2036.
 2137. 2131. 2062. 2083. 2170. 2121. 2097. 2104. 2119. 2157. 2119. 2116.
 2108. 2166. 2156. 2072. 2108. 2178. 2123. 2200. 2130. 2196. 2108. 2159.
 2117. 2149. 2206. 2159. 2189. 2171. 2236. 2207. 2124. 2066. 2174. 2214.
 2173. 2127. 2233. 2169. 2155. 2214. 2192. 2119. 2168. 2194. 2123.   54.
   48.   48.   52.   45.   47.   54.   51.   55.   51.   45.   48.   38.
   51.   40.   57.   47.   59.   46.   56.   45.   47.   59.   56.   59.
   50.   58.   41.   58.   46.   50.   46.   50.   48.   40.   42.   51.
   56.   52.   66.   47.   49.   58.   45.   40.   62.   48.   59.   43.
   52.]
Total events this file: 82751
Total events saved: 235583, Saved this file: 14312, Finsihed file: /mnt/scratch/micall12/training_files/NuMu_140000_000159_level2_sim4.zst_lt200_NOvertex_IC19.hdf5
[   0.    0.    0.    0.    0.    0.    0. 2102. 2317. 2549. 2610. 2683.
 2772. 2787. 2990. 3031. 3061. 3062. 3208. 3136. 3179. 3313. 3403. 3251.
 3395. 3391. 3393. 3350. 3435. 3506. 3476. 3538. 3467. 3633. 3526. 3592.
 3642. 3653. 3698. 3554. 3637. 3630. 3743. 3603. 3696. 2101. 2196. 2070.
 2162. 2163. 2096. 2114. 2207. 2157. 2135. 2153. 2152. 2195. 2147. 2154.
 2144. 2202. 2196. 2117. 2149. 2216. 2154. 2232. 2166. 2231. 2149. 2199.
 2149. 2192. 2248. 2195. 2225. 2206. 2275. 2244. 2152. 2105. 2204. 2252.
 2214. 2162. 2264. 2201. 2196. 2244. 2228. 2146. 2207. 2227. 2163.   54.
   48.   48.   52.   45.   47.   54.   51.   55.   51.   45.   48.   38.
   51.   40.   57.   47.   59.   46.   56.   45.   47.   59.   56.   59.
   50.   58.   41.   58.   46.   50.   46.   50.   48.   40.   42.   51.
   56.   52.   66.   47.   49.   58.   45.   40.   62.   48.   59.   43.
   52.]
Total events this file: 156709
Total events saved: 262950, Saved this file: 27367, Finsihed file: /mnt/scratch/micall12/training_files/NuMu_140000_000160_level2_sim4.zst_lt200_NOvertex_IC19.hdf5
[   0.    0.    0.    0.    0.    0.    0. 2355. 2546. 2814. 2862. 2942.
 3047. 3044. 3290. 3344. 3374. 3376. 3537. 3435. 3525. 3632. 3701. 3585.
 3723. 3718. 3751. 3692. 3778. 3862. 3838. 3917. 3827. 4004. 3876. 3944.
 3976. 4008. 4081. 3920. 4020. 3959. 4124. 3965. 4064. 2381. 2450. 2370.
 2473. 2461. 2411. 2419. 2499. 2495. 2428. 2480. 2440. 2494. 2439. 2427.
 2431. 2494. 2507. 2393. 2421. 2496. 2471. 2511. 2472. 2567. 2452. 2461.
 2474. 2470. 2543. 2509. 2526. 2528. 2556. 2539. 2464. 2387. 2470. 2573.
 2476. 2466. 2570. 2508. 2514. 2544. 2529. 2438. 2548. 2526. 2478.   54.
   48.   48.   52.   45.   47.   54.   51.   55.   51.   45.   48.   38.
   51.   40.   57.   47.   59.   46.   56.   45.   47.   59.   56.   59.
   50.   58.   41.   58.   46.   50.   46.   50.   48.   40.   42.   51.
   56.   52.   66.   47.   49.   58.   45.   40.   62.   48.   59.   43.
   52.]
Total events this file: 82408
Total events saved: 277044, Saved this file: 14094, Finsihed file: /mnt/scratch/micall12/training_files/NuMu_140000_000161_level2_sim4.zst_lt200_NOvertex_IC19.hdf5
[   0.    0.    0.    0.    0.    0.    0. 2556. 2774. 3050. 3121. 3215.
 3340. 3316. 3619. 3655. 3684. 3670. 3840. 3760. 3870. 3944. 4007. 3912.
 4053. 4041. 4085. 4006. 4138. 4186. 4176. 4264. 4161. 4381. 4238. 4284.
 4319. 4371. 4461. 4264. 4408. 4306. 4489. 4350. 4452. 2420. 2482. 2403.
 2504. 2495. 2449. 2454. 2535. 2530. 2465. 2507. 2466. 2528. 2480. 2472.
 2465. 2533. 2538. 2428. 2456. 2536. 2510. 2537. 2502. 2603. 2490. 2493.
 2514. 2501. 2578. 2559. 2567. 2571. 2591. 2579. 2505. 2422. 2505. 2616.
 2501. 2502. 2605. 2541. 2538. 2581. 2567. 2470. 2585. 2564. 2520.   54.
   48.   48.   52.   45.   47.   54.   51.   55.   51.   45.   48.   38.
   51.   40.   57.   47.   59.   46.   56.   45.   47.   59.   56.   59.
   50.   58.   41.   58.   46.   50.   46.   50.   48.   40.   42.   51.
   56.   52.   66.   47.   49.   58.   45.   40.   62.   48.   59.   43.
   52.]
Total events this file: 82608
Total events saved: 291137, Saved this file: 14093, Finsihed file: /mnt/scratch/micall12/training_files/NuMu_140000_000162_level2_sim4.zst_lt200_NOvertex_IC19.hdf5
[   0.    0.    0.    0.    0.    0.    0. 2779. 3004. 3285. 3390. 3471.
 3606. 3619. 3893. 3916. 3967. 3944. 4140. 4078. 4202. 4278. 4342. 4253.
 4369. 4393. 4434. 4371. 4523. 4526. 4505. 4641. 4508. 4699. 4627. 4630.
 4677. 4750. 4819. 4638. 4778. 4697. 4869. 4707. 4795. 2456. 2521. 2423.
 2534. 2520. 2478. 2487. 2574. 2564. 2499. 2533. 2503. 2569. 2518. 2505.
 2505. 2565. 2573. 2458. 2496. 2566. 2543. 2565. 2533. 2641. 2516. 2532.
 2546. 2537. 2606. 2605. 2610. 2611. 2627. 2617. 2537. 2463. 2540. 2650.
 2533. 2540. 2640. 2581. 2568. 2625. 2604. 2499. 2625. 2602. 2556.   54.
   48.   48.   52.   45.   47.   54.   51.   55.   51.   45.   48.   38.
   51.   40.   57.   47.   59.   46.   56.   45.   47.   59.   56.   59.
   50.   58.   41.   58.   46.   50.   46.   50.   48.   40.   42.   51.
   56.   52.   66.   47.   49.   58.   45.   40.   62.   48.   59.   43.
   52.]
Total events this file: 165434
Total events saved: 319249, Saved this file: 28112, Finsihed file: /mnt/scratch/micall12/training_files/NuMu_140000_000163_level2_sim4.zst_lt200_NOvertex_IC19.hdf5
[   0.    0.    0.    0.    0.    0.    0. 2998. 3213. 3529. 3644. 3709.
 3880. 3915. 4194. 4193. 4276. 4225. 4442. 4373. 4515. 4602. 4659. 4584.
 4695. 4746. 4759. 4716. 4838. 4877. 4857. 4985. 4852. 5073. 4970. 4992.
 5052. 5102. 5171. 5032. 5151. 5057. 5214. 5078. 5132. 2743. 2807. 2694.
 2807. 2798. 2801. 2756. 2884. 2843. 2785. 2834. 2800. 2880. 2811. 2787.
 2817. 2878. 2886. 2738. 2772. 2885. 2834. 2858. 2866. 2914. 2849. 2820.
 2849. 2824. 2891. 2920. 2875. 2881. 2933. 2897. 2812. 2767. 2840. 2946.
 2858. 2830. 2934. 2839. 2885. 2965. 2893. 2827. 2921. 2895. 2849.   75.
   71.   68.   71.   57.   65.   80.   79.   89.   77.   61.   78.   71.
   87.   66.   79.   73.   78.   68.   81.   66.   81.   79.   85.   79.
   65.   83.   66.   75.   70.   63.   71.   70.   72.   60.   64.   79.
   82.   83.   86.   66.   76.   82.   61.   57.   88.   76.   78.   60.
   74.]
Total events this file: 155570
Total events saved: 346284, Saved this file: 27035, Finsihed file: /mnt/scratch/micall12/training_files/NuMu_140000_000164_level2_sim4.zst_lt200_NOvertex_IC19.hdf5
[   0.    0.    0.    0.    0.    0.    0. 3210. 3461. 3784. 3889. 3972.
 4134. 4182. 4466. 4469. 4558. 4518. 4753. 4681. 4844. 4899. 4997. 4887.
 5015. 5096. 5094. 5095. 5224. 5203. 5236. 5332. 5199. 5402. 5334. 5340.
 5418. 5447. 5530. 5389. 5539. 5424. 5601. 5437. 5500. 3051. 3102. 2975.
 3089. 3101. 3086. 3045. 3148. 3156. 3055. 3109. 3097. 3189. 3099. 3103.
 3113. 3158. 3167. 3030. 3068. 3173. 3161. 3128. 3154. 3219. 3131. 3108.
 3132. 3120. 3202. 3220. 3178. 3177. 3230. 3206. 3117. 3048. 3160. 3242.
 3178. 3103. 3235. 3128. 3160. 3266. 3210. 3122. 3254. 3197. 3154.   75.
   71.   68.   71.   57.   65.   80.   79.   89.   77.   61.   78.   71.
   87.   66.   79.   73.   78.   68.   81.   66.   81.   79.   85.   79.
   65.   83.   66.   75.   70.   63.   71.   70.   72.   60.   64.   79.
   82.   83.   86.   66.   76.   82.   61.   57.   88.   76.   78.   60.
   74.]
Total events this file: 120091
Total events saved: 363073, Saved this file: 16789, Finsihed file: /mnt/scratch/micall12/training_files/NuMu_140000_000165_level2_sim4.zst_lt200_NOvertex_IC19.hdf5
[   0.    0.    0.    0.    0.    0.    0. 3246. 3502. 3818. 3938. 4012.
 4173. 4220. 4513. 4512. 4614. 4564. 4795. 4737. 4888. 4953. 5063. 4935.
 5052. 5157. 5145. 5154. 5273. 5261. 5284. 5387. 5257. 5451. 5397. 5390.
 5478. 5495. 5587. 5447. 5590. 5484. 5651. 5502. 5560. 3345. 3416. 3273.
 3384. 3392. 3375. 3365. 3416. 3447. 3352. 3411. 3380. 3509. 3396. 3350.
 3432. 3469. 3470. 3304. 3374. 3463. 3445. 3405. 3438. 3532. 3433. 3398.
 3411. 3408. 3539. 3517. 3505. 3472. 3518. 3460. 3437. 3330. 3491. 3545.
 3504. 3382. 3535. 3409. 3466. 3568. 3496. 3435. 3569. 3496. 3450.   75.
   71.   68.   71.   57.   65.   80.   79.   89.   77.   61.   78.   71.
   87.   66.   79.   73.   78.   68.   81.   66.   81.   79.   85.   79.
   65.   83.   66.   75.   70.   63.   71.   70.   72.   60.   64.   79.
   82.   83.   86.   66.   76.   82.   61.   57.   88.   76.   78.   60.
   74.]
Total events this file: 17548
Total events saved: 366836, Saved this file: 3763, Finsihed file: /mnt/scratch/micall12/training_files/NuMu_140000_000166_level2_sim4.zst_lt200_NOvertex_IC19.hdf5
[   0.    0.    0.    0.    0.    0.    0. 3280. 3543. 3852. 3978. 4045.
 4218. 4268. 4551. 4560. 4667. 4618. 4841. 4786. 4955. 5000. 5113. 4999.
 5106. 5200. 5210. 5201. 5330. 5319. 5337. 5449. 5318. 5519. 5444. 5457.
 5538. 5555. 5645. 5508. 5643. 5531. 5698. 5556. 5620. 3394. 3450. 3306.
 3418. 3432. 3410. 3393. 3446. 3467. 3392. 3446. 3418. 3542. 3428. 3389.
 3468. 3502. 3504. 3339. 3403. 3503. 3468. 3437. 3483. 3568. 3467. 3440.
 3444. 3442. 3572. 3552. 3537. 3515. 3545. 3495. 3470. 3369. 3535. 3593.
 3545. 3419. 3573. 3451. 3504. 3597. 3534. 3468. 3607. 3541. 3486.   75.
   71.   68.   71.   57.   65.   80.   79.   89.   77.   61.   78.   71.
   87.   66.   79.   73.   78.   68.   81.   66.   81.   79.   85.   79.
   65.   83.   66.   75.   70.   63.   71.   70.   72.   60.   64.   79.
   82.   83.   86.   66.   76.   82.   61.   57.   88.   76.   78.   60.
   74.]
Total events this file: 103854
Total events saved: 383672, Saved this file: 16836, Finsihed file: /mnt/scratch/micall12/training_files/NuMu_140000_000167_level2_sim4.zst_lt200_NOvertex_IC19.hdf5
[   0.    0.    0.    0.    0.    0.    0. 3488. 3787. 4079. 4248. 4304.
 4494. 4557. 4840. 4886. 4963. 4919. 5138. 5089. 5285. 5322. 5467. 5325.
 5415. 5542. 5556. 5508. 5681. 5689. 5683. 5800. 5686. 5852. 5798. 5832.
 5879. 5941. 5996. 5895. 6020. 5908. 6074. 5914. 6006. 3428. 3491. 3334.
 3451. 3473. 3443. 3416. 3490. 3500. 3418. 3476. 3462. 3577. 3462. 3428.
 3505. 3542. 3538. 3374. 3435. 3543. 3507. 3476. 3519. 3605. 3508. 3479.
 3476. 3485. 3609. 3585. 3579. 3546. 3576. 3529. 3508. 3416. 3570. 3628.
 3580. 3457. 3622. 3488. 3533. 3633. 3566. 3501. 3632. 3577. 3526.  134.
  123.  113.  132.  115.  114.  138.  126.  150.  122.  110.  133.  122.
  143.  128.  130.  112.  127.  125.  146.  115.  132.  129.  133.  139.
  118.  151.  133.  129.  117.  115.  122.  126.  128.  106.  108.  123.
  135.  122.  141.  124.  131.  125.  131.  107.  147.  123.  128.  103.
  120.]
Total events this file: 170977
Total events saved: 412200, Saved this file: 28528, Finsihed file: /mnt/scratch/micall12/training_files/NuMu_140000_000168_level2_sim4.zst_lt200_NOvertex_IC19.hdf5
[   0.    0.    0.    0.    0.    0.    0. 3697. 4005. 4312. 4507. 4532.
 4766. 4808. 5139. 5141. 5283. 5230. 5438. 5374. 5591. 5645. 5788. 5651.
 5728. 5861. 5889. 5847. 5988. 6026. 6006. 6177. 6021. 6181. 6161. 6149.
 6241. 6292. 6374. 6225. 6357. 6241. 6437. 6280. 6355. 3686. 3751. 3610.
 3699. 3764. 3715. 3702. 3766. 3793. 3669. 3739. 3725. 3829. 3731. 3682.
 3784. 3825. 3811. 3621. 3717. 3821. 3785. 3758. 3782. 3885. 3780. 3758.
 3751. 3791. 3913. 3883. 3835. 3863. 3871. 3806. 3778. 3710. 3820. 3907.
 3891. 3758. 3906. 3743. 3821. 3892. 3848. 3795. 3922. 3918. 3794.  194.
  182.  167.  185.  174.  167.  204.  185.  201.  190.  158.  174.  197.
  197.  182.  179.  163.  166.  170.  206.  175.  187.  192.  185.  201.
  180.  209.  184.  198.  167.  164.  184.  177.  179.  152.  161.  175.
  184.  203.  181.  186.  175.  177.  186.  159.  199.  172.  182.  156.
  182.]
Total events this file: 108306
Total events saved: 429482, Saved this file: 17282, Finsihed file: /mnt/scratch/micall12/training_files/NuMu_140000_000169_level2_sim4.zst_lt200_NOvertex_IC19.hdf5
[   0.    0.    0.    0.    0.    0.    0. 3935. 4241. 4536. 4787. 4771.
 5032. 5079. 5428. 5430. 5595. 5550. 5758. 5708. 5887. 5980. 6091. 6007.
 6056. 6190. 6282. 6186. 6336. 6391. 6376. 6520. 6371. 6480. 6498. 6487.
 6618. 6625. 6738. 6581. 6701. 6603. 6810. 6639. 6709. 3722. 3788. 3643.
 3734. 3799. 3749. 3736. 3808. 3833. 3706. 3764. 3756. 3865. 3763. 3712.
 3820. 3857. 3840. 3672. 3756. 3852. 3817. 3808. 3815. 3923. 3821. 3803.
 3787. 3827. 3956. 3921. 3869. 3894. 3902. 3837. 3816. 3757. 3849. 3944.
 3933. 3803. 3941. 3776. 3866. 3928. 3875. 3838. 3965. 3955. 3834.  248.
  243.  234.  242.  227.  235.  280.  247.  266.  248.  241.  240.  258.
  271.  247.  249.  229.  238.  229.  271.  233.  249.  253.  240.  262.
  241.  274.  248.  247.  225.  227.  240.  236.  237.  219.  238.  241.
  245.  258.  236.  248.  241.  247.  246.  218.  267.  241.  263.  228.
  244.]
Total events this file: 163850
Total events saved: 456661, Saved this file: 27179, Finsihed file: /mnt/scratch/micall12/training_files/NuMu_140000_000170_level2_sim4.zst_lt200_NOvertex_IC19.hdf5
[   0.    0.    0.    0.    0.    0.    0. 4135. 4449. 4754. 5017. 5041.
 5291. 5316. 5681. 5702. 5874. 5839. 6012. 6002. 6172. 6283. 6392. 6325.
 6359. 6507. 6578. 6510. 6667. 6723. 6715. 6828. 6678. 6788. 6820. 6829.
 6951. 6951. 7084. 6920. 7018. 6952. 7180. 6973. 7012. 3959. 4057. 3876.
 3977. 4109. 4017. 3990. 4058. 4093. 3946. 4012. 4008. 4096. 4017. 3990.
 4084. 4136. 4133. 3910. 4024. 4118. 4043. 4080. 4088. 4188. 4076. 4074.
 4054. 4102. 4231. 4183. 4140. 4152. 4161. 4105. 4058. 4018. 4117. 4209.
 4216. 4071. 4205. 4045. 4117. 4196. 4147. 4102. 4231. 4218. 4074.  292.
  305.  300.  301.  285.  298.  336.  309.  331.  305.  298.  304.  305.
  334.  304.  303.  293.  287.  275.  329.  295.  297.  309.  284.  311.
  302.  328.  300.  304.  281.  288.  289.  289.  303.  277.  283.  285.
  304.  300.  301.  310.  283.  299.  302.  282.  325.  288.  317.  295.
  297.]
Total events this file: 178039
Total events saved: 486826, Saved this file: 30165, Finsihed file: /mnt/scratch/micall12/training_files/NuMu_140000_000171_level2_sim4.zst_lt200_NOvertex_IC19.hdf5
[   0.    0.    0.    0.    0.    0.    0. 4368. 4682. 5001. 5293. 5288.
 5562. 5616. 5954. 5988. 6159. 6143. 6306. 6346. 6504. 6607. 6732. 6651.
 6709. 6847. 6921. 6832. 7011. 7071. 7129. 7193. 7048. 7160. 7161. 7202.
 7351. 7309. 7439. 7264. 7401. 7302. 7558. 7315. 7397. 4217. 4365. 4162.
 4240. 4412. 4296. 4302. 4357. 4359. 4245. 4312. 4288. 4430. 4299. 4288.
 4378. 4475. 4450. 4210. 4324. 4381. 4334. 4354. 4398. 4490. 4353. 4362.
 4372. 4435. 4564. 4446. 4442. 4467. 4461. 4400. 4374. 4326. 4419. 4509.
 4496. 4379. 4506. 4354. 4446. 4503. 4468. 4403. 4512. 4513. 4381.  346.
  366.  353.  348.  334.  345.  384.  357.  384.  362.  354.  345.  350.
  385.  373.  372.  352.  342.  324.  376.  347.  354.  359.  338.  382.
  365.  386.  352.  356.  343.  353.  350.  351.  356.  327.  337.  338.
  360.  338.  356.  366.  340.  347.  366.  333.  377.  350.  366.  352.
  352.]
Total events this file: 83058
Total events saved: 501155, Saved this file: 14329, Finsihed file: /mnt/scratch/micall12/training_files/NuMu_140000_000172_level2_sim4.zst_lt200_NOvertex_IC19.hdf5
[   0.    0.    0.    0.    0.    0.    0. 4588. 4934. 5245. 5555. 5568.
 5852. 5902. 6243. 6317. 6464. 6454. 6600. 6668. 6832. 6945. 7086. 6953.
 7040. 7186. 7275. 7164. 7359. 7447. 7470. 7544. 7403. 7509. 7507. 7580.
 7710. 7679. 7786. 7650. 7761. 7720. 7901. 7692. 7732. 4254. 4399. 4203.
 4269. 4444. 4344. 4339. 4396. 4392. 4291. 4342. 4334. 4460. 4337. 4331.
 4420. 4515. 4489. 4248. 4366. 4411. 4378. 4392. 4419. 4525. 4384. 4391.
 4411. 4468. 4600. 4473. 4482. 4504. 4490. 4442. 4417. 4370. 4460. 4537.
 4534. 4414. 4540. 4392. 4485. 4534. 4497. 4437. 4545. 4557. 4423.  346.
  366.  353.  348.  334.  345.  384.  357.  384.  362.  354.  345.  350.
  385.  373.  372.  352.  342.  324.  376.  347.  354.  359.  338.  382.
  365.  386.  352.  356.  343.  353.  350.  351.  356.  327.  337.  338.
  360.  338.  356.  366.  340.  347.  366.  333.  377.  350.  366.  352.
  352.]
Total events this file: 89070
Total events saved: 514994, Saved this file: 13839, Finsihed file: /mnt/scratch/micall12/training_files/NuMu_140000_000173_level2_sim4.zst_lt200_NOvertex_IC19.hdf5
[   0.    0.    0.    0.    0.    0.    0. 4798. 5166. 5471. 5784. 5799.
 6073. 6152. 6512. 6578. 6719. 6727. 6883. 6962. 7136. 7233. 7409. 7221.
 7345. 7492. 7601. 7481. 7688. 7754. 7796. 7887. 7717. 7840. 7792. 7874.
 8036. 8011. 8127. 7965. 8087. 8045. 8230. 8005. 8046. 4254. 4399. 4203.
 4269. 4444. 4344. 4339. 4396. 4392. 4291. 4342. 4334. 4460. 4337. 4331.
 4420. 4515. 4489. 4248. 4366. 4411. 4378. 4392. 4419. 4525. 4384. 4391.
 4411. 4468. 4600. 4473. 4482. 4504. 4490. 4442. 4417. 4370. 4460. 4537.
 4534. 4414. 4540. 4392. 4485. 4534. 4497. 4437. 4545. 4557. 4423.  404.
  413.  395.  392.  384.  403.  437.  418.  443.  407.  409.  405.  399.
  442.  416.  427.  411.  387.  395.  423.  404.  415.  411.  397.  439.
  424.  438.  398.  411.  389.  403.  413.  400.  409.  390.  405.  387.
  405.  400.  413.  419.  399.  406.  421.  391.  434.  415.  408.  417.
  396.]
Total events this file: 82396
Total events saved: 529116, Saved this file: 14122, Finsihed file: /mnt/scratch/micall12/training_files/NuMu_140000_000174_level2_sim4.zst_lt200_NOvertex_IC19.hdf5
[   0.    0.    0.    0.    0.    0.    0. 4994. 5408. 5731. 6054. 6096.
 6340. 6433. 6815. 6888. 6985. 7028. 7177. 7315. 7469. 7555. 7725. 7552.
 7686. 7819. 7920. 7840. 8068. 8129. 8135. 8227. 8084. 8206. 8169. 8213.
 8373. 8377. 8492. 8338. 8483. 8422. 8585. 8341. 8396. 4292. 4437. 4230.
 4302. 4475. 4376. 4367. 4422. 4424. 4318. 4367. 4353. 4488. 4371. 4366.
 4447. 4552. 4515. 4290. 4399. 4458. 4414. 4429. 4461. 4560. 4414. 4414.
 4441. 4504. 4649. 4509. 4518. 4533. 4539. 4477. 4456. 4406. 4497. 4564.
 4571. 4449. 4565. 4440. 4518. 4575. 4528. 4472. 4577. 4590. 4462.  404.
  413.  395.  392.  384.  403.  437.  418.  443.  407.  409.  405.  399.
  442.  416.  427.  411.  387.  395.  423.  404.  415.  411.  397.  439.
  424.  438.  398.  411.  389.  403.  413.  400.  409.  390.  405.  387.
  405.  400.  413.  419.  399.  406.  421.  391.  434.  415.  408.  417.
  396.]
Total events this file: 133357
Total events saved: 549599, Saved this file: 20483, Finsihed file: /mnt/scratch/micall12/training_files/NuMu_140000_000175_level2_sim4.zst_lt200_NOvertex_IC19.hdf5
[   0.    0.    0.    0.    0.    0.    0. 5107. 5506. 5834. 6173. 6217.
 6470. 6569. 6954. 7007. 7121. 7164. 7328. 7450. 7596. 7695. 7887. 7720.
 7858. 8002. 8076. 8013. 8224. 8296. 8296. 8380. 8252. 8361. 8339. 8365.
 8508. 8550. 8650. 8504. 8654. 8607. 8759. 8536. 8587. 4576. 4745. 4510.
 4596. 4758. 4641. 4654. 4722. 4721. 4602. 4677. 4647. 4772. 4648. 4708.
 4749. 4844. 4811. 4583. 4679. 4738. 4702. 4710. 4765. 4842. 4703. 4717.
 4725. 4807. 4923. 4824. 4832. 4828. 4830. 4769. 4740. 4685. 4784. 4840.
 4871. 4769. 4874. 4708. 4832. 4895. 4830. 4780. 4884. 4877. 4790.  404.
  413.  395.  392.  384.  403.  437.  418.  443.  407.  409.  405.  399.
  442.  416.  427.  411.  387.  395.  423.  404.  415.  411.  397.  439.
  424.  438.  398.  411.  389.  403.  413.  400.  409.  390.  405.  387.
  405.  400.  413.  419.  399.  406.  421.  391.  434.  415.  408.  417.
  396.]
Total events this file: 155589
Total events saved: 576354, Saved this file: 26755, Finsihed file: /mnt/scratch/micall12/training_files/NuMu_140000_000176_level2_sim4.zst_lt200_NOvertex_IC19.hdf5
[   0.    0.    0.    0.    0.    0.    0. 5359. 5735. 6068. 6429. 6473.
 6749. 6815. 7223. 7299. 7427. 7485. 7606. 7757. 7899. 7983. 8228. 8012.
 8187. 8368. 8393. 8360. 8573. 8633. 8648. 8718. 8621. 8714. 8654. 8703.
 8848. 8884. 9043. 8853. 9035. 8982. 9092. 8903. 8934. 4858. 5020. 4779.
 4905. 5044. 4908. 4944. 5026. 5020. 4881. 4972. 4958. 5039. 4954. 4980.
 5047. 5122. 5113. 4877. 4967. 5064. 4995. 5029. 5047. 5144. 5005. 5008.
 5029. 5059. 5171. 5119. 5144. 5122. 5134. 5055. 5045. 5009. 5061. 5122.
 5155. 5105. 5177. 4986. 5160. 5193. 5111. 5079. 5176. 5181. 5095.  404.
  413.  395.  392.  384.  403.  437.  418.  443.  407.  409.  405.  399.
  442.  416.  427.  411.  387.  395.  423.  404.  415.  411.  397.  439.
  424.  438.  398.  411.  389.  403.  413.  400.  409.  390.  405.  387.
  405.  400.  413.  419.  399.  406.  421.  391.  434.  415.  408.  417.
  396.]
Total events this file: 93504
Total events saved: 590794, Saved this file: 14440, Finsihed file: /mnt/scratch/micall12/training_files/NuMu_140000_000177_level2_sim4.zst_lt200_NOvertex_IC19.hdf5
[   0.    0.    0.    0.    0.    0.    0. 5566. 5956. 6257. 6632. 6730.
 6980. 7074. 7512. 7564. 7674. 7753. 7902. 8040. 8205. 8276. 8513. 8291.
 8515. 8656. 8722. 8675. 8889. 8932. 8935. 9046. 8948. 9072. 8986. 9034.
 9173. 9228. 9335. 9201. 9406. 9308. 9435. 9246. 9254. 4858. 5020. 4779.
 4905. 5044. 4908. 4944. 5026. 5020. 4881. 4972. 4958. 5039. 4954. 4980.
 5047. 5122. 5113. 4877. 4967. 5064. 4995. 5029. 5047. 5144. 5005. 5008.
 5029. 5059. 5171. 5119. 5144. 5122. 5134. 5055. 5045. 5009. 5061. 5122.
 5155. 5105. 5177. 4986. 5160. 5193. 5111. 5079. 5176. 5181. 5095.  463.
  487.  459.  461.  439.  468.  501.  470.  510.  466.  481.  468.  463.
  511.  488.  491.  475.  448.  455.  494.  457.  482.  475.  466.  493.
  491.  503.  454.  479.  444.  466.  482.  478.  483.  456.  480.  456.
  484.  471.  479.  479.  457.  467.  484.  449.  485.  476.  469.  477.
  459.]
Total events this file: 115100
Total events saved: 615869, Saved this file: 25075, Finsihed file: /mnt/scratch/micall12/training_files/NuMu_140000_000178_level2_sim4.zst_lt200_NOvertex_IC19.hdf5
[   0.    0.    0.    0.    0.    0.    0. 5754. 6170. 6474. 6851. 6952.
 7261. 7367. 7787. 7851. 7978. 8033. 8194. 8355. 8487. 8572. 8845. 8605.
 8846. 8962. 9066. 9005. 9198. 9232. 9212. 9355. 9315. 9387. 9310. 9351.
 9527. 9577. 9663. 9522. 9752. 9657. 9767. 9574. 9600. 5120. 5270. 5033.
 5180. 5315. 5170. 5222. 5301. 5286. 5121. 5210. 5210. 5321. 5244. 5255.
 5298. 5372. 5378. 5141. 5229. 5346. 5289. 5289. 5315. 5406. 5261. 5277.
 5321. 5334. 5467. 5384. 5406. 5397. 5407. 5329. 5298. 5320. 5334. 5401.
 5413. 5383. 5444. 5294. 5469. 5482. 5372. 5363. 5462. 5442. 5395.  463.
  487.  459.  461.  439.  468.  501.  470.  510.  466.  481.  468.  463.
  511.  488.  491.  475.  448.  455.  494.  457.  482.  475.  466.  493.
  491.  503.  454.  479.  444.  466.  482.  478.  483.  456.  480.  456.
  484.  471.  479.  479.  457.  467.  484.  449.  485.  476.  469.  477.
  459.]
Total events this file: 152537
Total events saved: 638938, Saved this file: 23069, Finsihed file: /mnt/scratch/micall12/training_files/NuMu_140000_000179_level2_sim4.zst_lt200_NOvertex_IC19.hdf5
[   0.    0.    0.    0.    0.    0.    0. 5850. 6269. 6556. 6968. 7058.
 7377. 7482. 7932. 7989. 8098. 8148. 8335. 8488. 8628. 8726. 9000. 8782.
 8990. 9090. 9225. 9158. 9344. 9381. 9353. 9494. 9483. 9532. 9500. 9491.
 9709. 9758. 9826. 9678. 9903. 9804. 9920. 9748. 9738. 5424. 5575. 5315.
 5474. 5606. 5447. 5506. 5604. 5590. 5427. 5505. 5521. 5635. 5550. 5535.
 5592. 5674. 5683. 5458. 5547. 5645. 5566. 5581. 5628. 5688. 5550. 5562.
 5607. 5621. 5797. 5678. 5726. 5717. 5712. 5615. 5598. 5615. 5624. 5716.
 5731. 5688. 5716. 5598. 5790. 5777. 5672. 5646. 5757. 5809. 5719.  524.
  535.  521.  509.  485.  517.  565.  527.  565.  514.  534.  503.  521.
  564.  533.  543.  530.  504.  503.  542.  510.  549.  529.  509.  550.
  537.  553.  507.  533.  489.  519.  545.  535.  526.  520.  518.  512.
  536.  532.  529.  543.  508.  521.  532.  503.  537.  547.  512.  521.
  509.]
Total events this file: 146635
Total events saved: 659029, Saved this file: 20091, Finsihed file: /mnt/scratch/micall12/training_files/NuMu_140000_000180_level2_sim4.zst_lt200_NOvertex_IC19.hdf5
[   0.    0.    0.    0.    0.    0.    0. 5885. 6304. 6611. 7021. 7110.
 7428. 7542. 7998. 8040. 8148. 8191. 8383. 8547. 8684. 8782. 9067. 8849.
 9058. 9161. 9297. 9224. 9403. 9435. 9420. 9539. 9546. 9599. 9571. 9551.
 9777. 9832. 9888. 9751. 9968. 9869. 9984. 9805. 9818. 5698. 5827. 5621.
 5779. 5887. 5750. 5815. 5872. 5889. 5717. 5800. 5783. 5909. 5814. 5833.
 5895. 5962. 5964. 5738. 5846. 5959. 5868. 5888. 5919. 5986. 5857. 5840.
 5872. 5926. 6090. 5983. 6035. 6005. 6030. 5886. 5914. 5881. 5897. 6030.
 6054. 5990. 6031. 5902. 6054. 6078. 5970. 5949. 6070. 6142. 5989.  594.
  594.  597.  565.  538.  584.  639.  596.  619.  586.  601.  566.  580.
  626.  589.  607.  591.  572.  574.  610.  565.  596.  603.  578.  624.
  596.  610.  568.  586.  551.  581.  605.  611.  597.  577.  565.  568.
  591.  610.  594.  604.  559.  582.  604.  568.  592.  608.  578.  575.
  575.]
Total events this file: 144725
Total events saved: 679458, Saved this file: 20429, Finsihed file: /mnt/scratch/micall12/training_files/NuMu_140000_000181_level2_sim4.zst_lt200_NOvertex_IC19.hdf5
[    0.     0.     0.     0.     0.     0.     0.  5931.  6367.  6670.
  7085.  7184.  7492.  7600.  8070.  8108.  8218.  8277.  8456.  8623.
  8778.  8855.  9148.  8927.  9149.  9248.  9361.  9305.  9498.  9528.
  9505.  9630.  9622.  9713.  9668.  9634.  9877.  9914.  9964.  9856.
 10057.  9971. 10078.  9884.  9911.  5980.  6128.  5905.  6065.  6178.
  6015.  6105.  6163.  6211.  6025.  6080.  6046.  6198.  6144.  6123.
  6189.  6272.  6261.  6055.  6144.  6264.  6140.  6197.  6227.  6296.
  6197.  6118.  6143.  6210.  6387.  6274.  6357.  6280.  6332.  6173.
  6208.  6181.  6213.  6304.  6357.  6293.  6350.  6176.  6361.  6356.
  6293.  6227.  6363.  6444.  6237.   630.   645.   649.   624.   591.
   628.   693.   654.   671.   644.   660.   620.   634.   674.   638.
   653.   637.   630.   638.   669.   624.   653.   651.   632.   673.
   641.   651.   616.   637.   593.   632.   658.   656.   652.   638.
   610.   610.   661.   663.   640.   650.   618.   633.   657.   615.
   647.   657.   635.   635.   631.]
Total events this file: 108892
Total events saved: 696952, Saved this file: 17494, Finsihed file: /mnt/scratch/micall12/training_files/NuMu_140000_000182_level2_sim4.zst_lt200_NOvertex_IC19.hdf5
[    0.     0.     0.     0.     0.     0.     0.  6146.  6593.  6918.
  7306.  7449.  7754.  7884.  8384.  8407.  8532.  8581.  8786.  8951.
  9119.  9187.  9498.  9269.  9474.  9592.  9698.  9668.  9865.  9859.
  9849. 10004.  9999. 10057. 10016.  9978. 10203. 10286. 10333. 10226.
 10418. 10331. 10454. 10240. 10291.  6008.  6158.  5945.  6096.  6227.
  6058.  6142.  6196.  6254.  6065.  6117.  6088.  6234.  6186.  6160.
  6226.  6309.  6299.  6087.  6188.  6299.  6178.  6233.  6269.  6335.
  6221.  6161.  6185.  6253.  6429.  6303.  6390.  6318.  6372.  6205.
  6243.  6224.  6249.  6339.  6403.  6337.  6386.  6225.  6390.  6385.
  6330.  6258.  6404.  6480.  6282.   695.   710.   712.   682.   648.
   699.   753.   719.   726.   702.   729.   677.   703.   753.   708.
   713.   699.   698.   702.   730.   695.   720.   708.   704.   736.
   698.   708.   665.   693.   644.   699.   717.   727.   730.   690.
   690.   653.   720.   726.   697.   738.   670.   705.   717.   676.
   703.   718.   706.   705.   702.]
Total events this file: 146548
Total events saved: 724188, Saved this file: 27236, Finsihed file: /mnt/scratch/micall12/training_files/NuMu_140000_000183_level2_sim4.zst_lt200_NOvertex_IC19.hdf5
[    0.     0.     0.     0.     0.     0.     0.  6394.  6824.  7159.
  7593.  7696.  8006.  8169.  8709.  8757.  8817.  8905.  9121.  9259.
  9434.  9508.  9813.  9639.  9777.  9960. 10060. 10031. 10219. 10212.
 10171. 10356. 10356. 10412. 10353. 10352. 10545. 10647. 10693. 10550.
 10813. 10707. 10848. 10629. 10635.  6309.  6438.  6248.  6361.  6519.
  6369.  6390.  6490.  6574.  6369.  6403.  6396.  6534.  6476.  6455.
  6536.  6605.  6605.  6375.  6488.  6598.  6480.  6530.  6578.  6596.
  6494.  6475.  6478.  6575.  6757.  6613.  6666.  6598.  6686.  6501.
  6531.  6515.  6537.  6640.  6698.  6647.  6679.  6519.  6682.  6677.
  6593.  6523.  6686.  6785.  6564.   695.   710.   712.   682.   648.
   699.   753.   719.   726.   702.   729.   677.   703.   753.   708.
   713.   699.   698.   702.   730.   695.   720.   708.   704.   736.
   698.   708.   665.   693.   644.   699.   717.   727.   730.   690.
   690.   653.   720.   726.   697.   738.   670.   705.   717.   676.
   703.   718.   706.   705.   702.]
Total events this file: 58259
Total events saved: 735461, Saved this file: 11273, Finsihed file: /mnt/scratch/micall12/training_files/NuMu_140000_000184_level2_sim4.zst_lt200_NOvertex_IC19.hdf5
[    0.     0.     0.     0.     0.     0.     0.  6587.  7047.  7404.
  7833.  7939.  8268.  8439.  8969.  9019.  9104.  9196.  9391.  9540.
  9720.  9818. 10110.  9953. 10090. 10239. 10369. 10332. 10540. 10561.
 10472. 10688. 10701. 10746. 10665. 10658. 10863. 10957. 10986. 10866.
 11149. 11029. 11186. 10978. 10990.  6309.  6438.  6248.  6361.  6519.
  6369.  6390.  6490.  6574.  6369.  6403.  6396.  6534.  6476.  6455.
  6536.  6605.  6605.  6375.  6488.  6598.  6480.  6530.  6578.  6596.
  6494.  6475.  6478.  6575.  6757.  6613.  6666.  6598.  6686.  6501.
  6531.  6515.  6537.  6640.  6698.  6647.  6679.  6519.  6682.  6677.
  6593.  6523.  6686.  6785.  6564.   695.   710.   712.   682.   648.
   699.   753.   719.   726.   702.   729.   677.   703.   753.   708.
   713.   699.   698.   702.   730.   695.   720.   708.   704.   736.
   698.   708.   665.   693.   644.   699.   717.   727.   730.   690.
   690.   653.   720.   726.   697.   738.   670.   705.   717.   676.
   703.   718.   706.   705.   702.]
Total events this file: 74368
Total events saved: 749743, Saved this file: 14282, Finsihed file: /mnt/scratch/micall12/training_files/NuMu_140000_000185_level2_sim4.zst_lt200_NOvertex_IC19.hdf5
[    0.     0.     0.     0.     0.     0.     0.  6810.  7272.  7626.
  8088.  8202.  8551.  8734.  9270.  9355.  9415.  9505.  9699.  9858.
 10067. 10181. 10468. 10266. 10419. 10557. 10731. 10642. 10884. 10921.
 10809. 11054. 11047. 11094. 11029. 11013. 11209. 11311. 11333. 11241.
 11544. 11400. 11559. 11386. 11352.  6343.  6467.  6279.  6395.  6552.
  6406.  6419.  6516.  6612.  6397.  6446.  6423.  6578.  6516.  6489.
  6574.  6636.  6658.  6402.  6522.  6637.  6517.  6564.  6618.  6626.
  6529.  6503.  6503.  6614.  6793.  6655.  6701.  6632.  6721.  6534.
  6563.  6556.  6581.  6672.  6743.  6675.  6727.  6551.  6724.  6709.
  6637.  6560.  6714.  6831.  6603.   695.   710.   712.   682.   648.
   699.   753.   719.   726.   702.   729.   677.   703.   753.   708.
   713.   699.   698.   702.   730.   695.   720.   708.   704.   736.
   698.   708.   665.   693.   644.   699.   717.   727.   730.   690.
   690.   653.   720.   726.   697.   738.   670.   705.   717.   676.
   703.   718.   706.   705.   702.]
Total events this file: 58120
Total events saved: 760895, Saved this file: 11152, Finsihed file: /mnt/scratch/micall12/training_files/NuMu_140000_000186_level2_sim4.zst_lt200_NOvertex_IC19.hdf5
[    0.     0.     0.     0.     0.     0.     0.  7016.  7483.  7829.
  8317.  8445.  8793.  8975.  9522.  9618.  9696.  9781.  9957. 10150.
 10353. 10504. 10749. 10557. 10713. 10859. 11036. 10955. 11217. 11230.
 11121. 11345. 11384. 11422. 11330. 11361. 11533. 11685. 11663. 11587.
 11886. 11727. 11886. 11716. 11653.  6343.  6467.  6279.  6395.  6552.
  6406.  6419.  6516.  6612.  6397.  6446.  6423.  6578.  6516.  6489.
  6574.  6636.  6658.  6402.  6522.  6637.  6517.  6564.  6618.  6626.
  6529.  6503.  6503.  6614.  6793.  6655.  6701.  6632.  6721.  6534.
  6563.  6556.  6581.  6672.  6743.  6675.  6727.  6551.  6724.  6709.
  6637.  6560.  6714.  6831.  6603.   695.   710.   712.   682.   648.
   699.   753.   719.   726.   702.   729.   677.   703.   753.   708.
   713.   699.   698.   702.   730.   695.   720.   708.   704.   736.
   698.   708.   665.   693.   644.   699.   717.   727.   730.   690.
   690.   653.   720.   726.   697.   738.   670.   705.   717.   676.
   703.   718.   706.   705.   702.]
Total events this file: 99464
Total events saved: 778260, Saved this file: 17365, Finsihed file: /mnt/scratch/micall12/training_files/NuMu_140000_000187_level2_sim4.zst_lt200_NOvertex_IC19.hdf5
[    0.     0.     0.     0.     0.     0.     0.  7256.  7698.  8069.
  8578.  8705.  9066.  9249.  9826.  9939. 10027. 10066. 10262. 10456.
 10693. 10830. 11062. 10907. 11057. 11211. 11394. 11322. 11541. 11589.
 11462. 11694. 11746. 11763. 11696. 11731. 11895. 12033. 12033. 11952.
 12222. 12083. 12262. 12088. 11977.  6378.  6498.  6304.  6423.  6587.
  6435.  6449.  6552.  6656.  6433.  6484.  6453.  6614.  6541.  6529.
  6601.  6680.  6695.  6428.  6562.  6680.  6543.  6601.  6651.  6662.
  6571.  6536.  6535.  6651.  6829.  6689.  6737.  6676.  6767.  6565.
  6591.  6591.  6620.  6710.  6785.  6722.  6763.  6577.  6758.  6745.
  6677.  6595.  6756.  6858.  6642.   767.   779.   774.   749.   711.
   745.   793.   784.   796.   776.   800.   742.   764.   807.   772.
   766.   767.   779.   757.   808.   761.   782.   778.   783.   787.
   768.   768.   732.   748.   723.   767.   789.   792.   804.   753.
   751.   714.   777.   783.   750.   795.   734.   773.   788.   748.
   775.   780.   767.   767.   762.]
Total events this file: 90456
Total events saved: 795772, Saved this file: 17512, Finsihed file: /mnt/scratch/micall12/training_files/NuMu_140000_000188_level2_sim4.zst_lt200_NOvertex_IC19.hdf5
[    0.     0.     0.     0.     0.     0.     0.  7483.  7926.  8308.
  8844.  8936.  9357.  9524. 10115. 10257. 10338. 10387. 10582. 10763.
 11004. 11168. 11382. 11242. 11359. 11548. 11750. 11671. 11917. 11919.
 11816. 12050. 12101. 12145. 12079. 12112. 12257. 12431. 12385. 12327.
 12601. 12436. 12652. 12449. 12337.  6410.  6540.  6340.  6454.  6626.
  6466.  6478.  6587.  6679.  6465.  6520.  6490.  6653.  6586.  6571.
  6636.  6718.  6734.  6450.  6595.  6718.  6576.  6639.  6689.  6697.
  6613.  6579.  6563.  6691.  6878.  6730.  6772.  6704.  6806.  6603.
  6617.  6619.  6654.  6747.  6821.  6758.  6803.  6608.  6804.  6779.
  6724.  6625.  6786.  6898.  6680.   829.   821.   832.   817.   782.
   801.   864.   845.   848.   850.   855.   807.   824.   874.   821.
   821.   844.   843.   825.   875.   827.   844.   851.   853.   846.
   842.   821.   802.   813.   786.   818.   861.   858.   874.   824.
   827.   784.   838.   844.   815.   846.   796.   832.   858.   806.
   846.   847.   840.   834.   824.]
Total events this file: 168276
Total events saved: 825477, Saved this file: 29705, Finsihed file: /mnt/scratch/micall12/training_files/NuMu_140000_000189_level2_sim4.zst_lt200_NOvertex_IC19.hdf5
[    0.     0.     0.     0.     0.     0.     0.  7731.  8166.  8551.
  9085.  9215.  9628.  9823. 10422. 10549. 10667. 10697. 10875. 11059.
 11331. 11493. 11704. 11583. 11657. 11915. 12113. 11998. 12298. 12261.
 12170. 12394. 12463. 12483. 12447. 12446. 12619. 12792. 12765. 12699.
 12982. 12834. 13026. 12818. 12742.  6697.  6826.  6632.  6732.  6920.
  6757.  6775.  6866.  6974.  6733.  6821.  6770.  6928.  6881.  6901.
  6908.  7011.  7019.  6719.  6884.  7003.  6876.  6930.  6965.  7008.
  6892.  6874.  6833.  6986.  7160.  7021.  7026.  7000.  7107.  6890.
  6906.  6936.  6951.  7058.  7091.  7038.  7100.  6919.  7121.  7117.
  6976.  6955.  7098.  7171.  6971.   878.   868.   873.   878.   833.
   856.   918.   898.   906.   901.   927.   858.   870.   929.   871.
   866.   891.   889.   879.   914.   870.   904.   903.   914.   898.
   894.   870.   845.   861.   851.   859.   926.   907.   935.   870.
   875.   831.   891.   900.   866.   894.   840.   876.   912.   853.
   906.   907.   896.   901.   885.]
Total events this file: 135730
Total events saved: 845226, Saved this file: 19749, Finsihed file: /mnt/scratch/micall12/training_files/NuMu_140000_000190_level2_sim4.zst_lt200_NOvertex_IC19.hdf5
[    0.     0.     0.     0.     0.     0.     0.  7763.  8192.  8577.
  9130.  9251.  9676.  9859. 10462. 10603. 10712. 10749. 10911. 11101.
 11386. 11536. 11756. 11638. 11696. 11955. 12154. 12039. 12342. 12325.
 12217. 12437. 12515. 12536. 12500. 12500. 12674. 12847. 12808. 12751.
 13038. 12882. 13081. 12874. 12795.  6989.  7133.  6897.  7011.  7205.
  7052.  7048.  7150.  7257.  7047.  7105.  7065.  7229.  7171.  7215.
  7229.  7317.  7321.  7012.  7169.  7286.  7195.  7224.  7251.  7307.
  7169.  7158.  7157.  7305.  7464.  7337.  7313.  7312.  7401.  7191.
  7209.  7232.  7264.  7358.  7383.  7334.  7371.  7236.  7430.  7413.
  7288.  7265.  7379.  7489.  7250.   945.   927.   948.   942.   900.
   921.   989.   961.   968.   970.   972.   921.   931.   979.   923.
   936.   945.   961.   949.   980.   932.   964.   957.   980.   980.
   960.   932.   908.   911.   910.   921.   993.   969.   997.   931.
   933.   882.   946.   957.   932.   951.   909.   948.   967.   921.
   960.   968.   962.   971.   945.]
Total events this file: 147952
Total events saved: 872768, Saved this file: 27542, Finsihed file: /mnt/scratch/micall12/training_files/NuMu_140000_000191_level2_sim4.zst_lt200_NOvertex_IC19.hdf5
[    0.     0.     0.     0.     0.     0.     0.  8013.  8433.  8820.
  9393.  9491.  9948. 10184. 10729. 10918. 10995. 11062. 11218. 11426.
 11715. 11874. 12088. 11995. 12036. 12285. 12515. 12369. 12692. 12683.
 12565. 12796. 12867. 12866. 12865. 12850. 13034. 13232. 13171. 13128.
 13446. 13242. 13467. 13263. 13157.  7305.  7433.  7196.  7312.  7532.
  7342.  7338.  7445.  7562.  7329.  7385.  7351.  7527.  7475.  7502.
  7499.  7630.  7598.  7313.  7454.  7581.  7496.  7563.  7522.  7639.
  7480.  7474.  7457.  7610.  7733.  7678.  7586.  7619.  7703.  7483.
  7511.  7539.  7553.  7683.  7667.  7644.  7675.  7543.  7726.  7709.
  7582.  7560.  7685.  7764.  7579.   945.   927.   948.   942.   900.
   921.   989.   961.   968.   970.   972.   921.   931.   979.   923.
   936.   945.   961.   949.   980.   932.   964.   957.   980.   980.
   960.   932.   908.   911.   910.   921.   993.   969.   997.   931.
   933.   882.   946.   957.   932.   951.   909.   948.   967.   921.
   960.   968.   962.   971.   945.]
Total events this file: 154002
Total events saved: 899751, Saved this file: 26983, Finsihed file: /mnt/scratch/micall12/training_files/NuMu_140000_000192_level2_sim4.zst_lt200_NOvertex_IC19.hdf5
[    0.     0.     0.     0.     0.     0.     0.  8233.  8673.  9093.
  9668.  9754. 10222. 10437. 11030. 11242. 11306. 11345. 11533. 11724.
 12055. 12207. 12440. 12354. 12346. 12623. 12862. 12702. 13018. 13013.
 12931. 13158. 13217. 13232. 13198. 13194. 13411. 13593. 13522. 13497.
 13792. 13594. 13797. 13668. 13471.  7562.  7740.  7482.  7569.  7807.
  7639.  7623.  7731.  7840.  7645.  7664.  7661.  7812.  7766.  7815.
  7787.  7933.  7913.  7615.  7752.  7860.  7799.  7853.  7816.  7939.
  7764.  7763.  7755.  7905.  7997.  7963.  7876.  7925.  7976.  7743.
  7810.  7816.  7862.  7962.  7995.  7932.  7999.  7850.  8019.  8000.
  7896.  7842.  7979.  8061.  7918.   945.   927.   948.   942.   900.
   921.   989.   961.   968.   970.   972.   921.   931.   979.   923.
   936.   945.   961.   949.   980.   932.   964.   957.   980.   980.
   960.   932.   908.   911.   910.   921.   993.   969.   997.   931.
   933.   882.   946.   957.   932.   951.   909.   948.   967.   921.
   960.   968.   962.   971.   945.]
Total events this file: 147831
Total events saved: 929511, Saved this file: 29760, Finsihed file: /mnt/scratch/micall12/training_files/NuMu_140000_000193_level2_sim4.zst_lt200_NOvertex_IC19.hdf5
[    0.     0.     0.     0.     0.     0.     0.  8458.  8881.  9333.
  9937. 10030. 10524. 10757. 11322. 11556. 11565. 11622. 11821. 12045.
 12373. 12549. 12779. 12691. 12658. 12965. 13193. 13052. 13388. 13351.
 13283. 13497. 13601. 13610. 13535. 13544. 13787. 13960. 13885. 13850.
 14194. 13953. 14164. 14027. 13837.  7854.  8035.  7762.  7852.  8122.
  7943.  7919.  8046.  8135.  7935.  7957.  7961.  8097.  8039.  8108.
  8062.  8238.  8163.  7878.  8074.  8106.  8094.  8142.  8112.  8226.
  8071.  8069.  8073.  8192.  8302.  8279.  8155.  8217.  8273.  8035.
  8093.  8132.  8151.  8291.  8302.  8246.  8292.  8128.  8313.  8319.
  8181.  8130.  8278.  8366.  8198.   992.   991.  1002.   997.   950.
   960.  1026.  1008.  1018.  1018.  1025.   981.   980.  1037.   980.
   990.  1000.  1012.  1000.  1027.   990.  1022.  1009.  1037.  1030.
  1010.   974.   970.   959.   971.   971.  1054.  1006.  1050.   986.
   990.   942.   996.  1016.   998.   995.   969.  1014.  1008.   978.
  1011.  1013.  1002.  1020.  1003.]
Total events this file: 156109
Total events saved: 956919, Saved this file: 27408, Finsihed file: /mnt/scratch/micall12/training_files/NuMu_140000_000194_level2_sim4.zst_lt200_NOvertex_IC19.hdf5
[    0.     0.     0.     0.     0.     0.     0.  8685.  9109.  9573.
 10175. 10309. 10778. 11033. 11623. 11869. 11860. 11926. 12140. 12353.
 12691. 12870. 13124. 13032. 12994. 13294. 13548. 13431. 13763. 13717.
 13641. 13848. 13958. 13949. 13885. 13894. 14183. 14331. 14267. 14194.
 14597. 14272. 14556. 14415. 14221.  8137.  8322.  8038.  8158.  8406.
  8229.  8216.  8319.  8400.  8229.  8257.  8278.  8384.  8343.  8415.
  8324.  8525.  8464.  8172.  8395.  8449.  8404.  8459.  8400.  8529.
  8380.  8340.  8359.  8473.  8618.  8584.  8475.  8516.  8571.  8321.
  8403.  8439.  8435.  8608.  8614.  8565.  8595.  8435.  8626.  8604.
  8475.  8414.  8548.  8625.  8548.   992.   991.  1002.   997.   950.
   960.  1026.  1008.  1018.  1018.  1025.   981.   980.  1037.   980.
   990.  1000.  1012.  1000.  1027.   990.  1022.  1009.  1037.  1030.
  1010.   974.   970.   959.   971.   971.  1054.  1006.  1050.   986.
   990.   942.   996.  1016.   998.   995.   969.  1014.  1008.   978.
  1011.  1013.  1002.  1020.  1003.]
Total events this file: 131498
Total events saved: 981038, Saved this file: 24119, Finsihed file: /mnt/scratch/micall12/training_files/NuMu_140000_000195_level2_sim4.zst_lt200_NOvertex_IC19.hdf5
[    0.     0.     0.     0.     0.     0.     0.  8870.  9341.  9797.
 10401. 10549. 11037. 11295. 11890. 12161. 12135. 12211. 12425. 12632.
 12966. 13177. 13422. 13332. 13290. 13619. 13873. 13741. 14083. 14019.
 13936. 14158. 14265. 14245. 14209. 14220. 14498. 14664. 14603. 14537.
 14909. 14578. 14877. 14750. 14515.  8409.  8552.  8310.  8425.  8645.
  8487.  8463.  8558.  8671.  8476.  8540.  8544.  8669.  8615.  8679.
  8589.  8799.  8738.  8429.  8666.  8729.  8655.  8675.  8655.  8756.
  8674.  8580.  8641.  8757.  8883.  8878.  8726.  8778.  8810.  8590.
  8638.  8706.  8675.  8869.  8862.  8821.  8860.  8694.  8896.  8855.
  8727.  8657.  8815.  8884.  8810.   992.   991.  1002.   997.   950.
   960.  1026.  1008.  1018.  1018.  1025.   981.   980.  1037.   980.
   990.  1000.  1012.  1000.  1027.   990.  1022.  1009.  1037.  1030.
  1010.   974.   970.   959.   971.   971.  1054.  1006.  1050.   986.
   990.   942.   996.  1016.   998.   995.   969.  1014.  1008.   978.
  1011.  1013.  1002.  1020.  1003.]
Total events this file: 167032
Total events saved: 1010664, Saved this file: 29626, Finsihed file: /mnt/scratch/micall12/training_files/NuMu_140000_000196_level2_sim4.zst_lt200_NOvertex_IC19.hdf5
[    0.     0.     0.     0.     0.     0.     0.  9082.  9578. 10026.
 10688. 10807. 11343. 11552. 12165. 12468. 12444. 12539. 12764. 12989.
 13288. 13507. 13753. 13690. 13597. 13963. 14223. 14096. 14417. 14368.
 14304. 14502. 14652. 14619. 14575. 14574. 14827. 15040. 14953. 14884.
 15275. 14960. 15257. 15099. 14872.  8682.  8839.  8591.  8744.  8929.
  8773.  8755.  8847.  9009.  8731.  8806.  8819.  8952.  8906.  8968.
  8855.  9110.  9034.  8695.  8960.  9034.  8950.  8939.  8946.  9031.
  8980.  8909.  8943.  9074.  9209.  9155.  9031.  9108.  9101.  8877.
  8933.  8983.  8977.  9208.  9161.  9113.  9181.  8973.  9182.  9150.
  9045.  8947.  9093.  9171.  9117.  1041.  1052.  1061.  1063.  1005.
  1008.  1075.  1047.  1069.  1072.  1072.  1021.  1020.  1088.  1034.
  1033.  1049.  1045.  1049.  1076.  1037.  1063.  1061.  1088.  1080.
  1056.  1015.  1028.   999.  1023.  1015.  1096.  1057.  1105.  1038.
  1034.   992.  1041.  1071.  1068.  1037.  1011.  1066.  1051.  1013.
  1060.  1057.  1038.  1070.  1048.]
Total events this file: 122445
Total events saved: 1035097, Saved this file: 24433, Finsihed file: /mnt/scratch/micall12/training_files/NuMu_140000_000197_level2_sim4.zst_lt200_NOvertex_IC19.hdf5
[    0.     0.     0.     0.     0.     0.     0.  9297.  9799. 10228.
 10907. 11071. 11609. 11829. 12447. 12719. 12742. 12832. 13047. 13300.
 13582. 13807. 14075. 13969. 13932. 14274. 14550. 14414. 14739. 14642.
 14626. 14824. 14961. 14950. 14915. 14911. 15158. 15345. 15268. 15225.
 15629. 15287. 15600. 15446. 15219.  8940.  9096.  8858.  9024.  9171.
  8992.  9025.  9097.  9233.  8993.  9058.  9101.  9214.  9130.  9214.
  9121.  9376.  9281.  8975.  9247.  9311.  9226.  9180.  9189.  9305.
  9218.  9181.  9204.  9309.  9490.  9408.  9277.  9401.  9348.  9118.
  9194.  9255.  9243.  9458.  9435.  9385.  9442.  9275.  9448.  9390.
  9308.  9212.  9342.  9460.  9366.  1041.  1052.  1061.  1063.  1005.
  1008.  1075.  1047.  1069.  1072.  1072.  1021.  1020.  1088.  1034.
  1033.  1049.  1045.  1049.  1076.  1037.  1063.  1061.  1088.  1080.
  1056.  1015.  1028.   999.  1023.  1015.  1096.  1057.  1105.  1038.
  1034.   992.  1041.  1071.  1068.  1037.  1011.  1066.  1051.  1013.
  1060.  1057.  1038.  1070.  1048.]
Total events this file: 93284
Total events saved: 1052346, Saved this file: 17249, Finsihed file: /mnt/scratch/micall12/training_files/NuMu_140000_000198_level2_sim4.zst_lt200_NOvertex_IC19.hdf5
[    0.     0.     0.     0.     0.     0.     0.  9340.  9841. 10283.
 10958. 11135. 11678. 11882. 12513. 12774. 12813. 12904. 13125. 13370.
 13642. 13878. 14138. 14042. 13998. 14336. 14614. 14475. 14804. 14728.
 14697. 14880. 15057. 15018. 14997. 14982. 15238. 15412. 15348. 15309.
 15707. 15353. 15670. 15522. 15292.  9248.  9383.  9142.  9322.  9439.
  9276.  9308.  9403.  9528.  9296.  9364.  9364.  9519.  9385.  9513.
  9413.  9687.  9568.  9260.  9514.  9622.  9520.  9459.  9501.  9578.
  9518.  9472.  9491.  9610.  9775.  9687.  9574.  9707.  9648.  9427.
  9490.  9532.  9547.  9748.  9736.  9677.  9734.  9572.  9732.  9685.
  9629.  9522.  9649.  9776.  9645.  1041.  1052.  1061.  1063.  1005.
  1008.  1075.  1047.  1069.  1072.  1072.  1021.  1020.  1088.  1034.
  1033.  1049.  1045.  1049.  1076.  1037.  1063.  1061.  1088.  1080.
  1056.  1015.  1028.   999.  1023.  1015.  1096.  1057.  1105.  1038.
  1034.   992.  1041.  1071.  1068.  1037.  1011.  1066.  1051.  1013.
  1060.  1057.  1038.  1070.  1048.]
Total events this file: 126970
Total events saved: 1079581, Saved this file: 27235, Finsihed file: /mnt/scratch/micall12/training_files/NuMu_140000_000199_level2_sim4.zst_lt200_NOvertex_IC19.hdf5
[    0.     0.     0.     0.     0.     0.     0.  9563. 10063. 10566.
 11194. 11362. 11937. 12161. 12808. 13055. 13135. 13200. 13454. 13684.
 13969. 14226. 14449. 14396. 14302. 14666. 14930. 14842. 15130. 15105.
 15050. 15230. 15403. 15387. 15330. 15328. 15610. 15754. 15734. 15688.
 16090. 15732. 16050. 15907. 15672.  9535.  9658.  9461.  9614.  9727.
  9601.  9620.  9705.  9809.  9582.  9691.  9652.  9822.  9690.  9773.
  9673.  9992.  9844.  9583.  9809.  9924.  9816.  9714.  9795.  9891.
  9806.  9789.  9815.  9929. 10094.  9959.  9875. 10004.  9958.  9675.
  9776.  9837.  9880. 10055. 10018.  9969. 10026.  9857. 10007.  9999.
  9935.  9828.  9948. 10074.  9927.  1041.  1052.  1061.  1063.  1005.
  1008.  1075.  1047.  1069.  1072.  1072.  1021.  1020.  1088.  1034.
  1033.  1049.  1045.  1049.  1076.  1037.  1063.  1061.  1088.  1080.
  1056.  1015.  1028.   999.  1023.  1015.  1096.  1057.  1105.  1038.
  1034.   992.  1041.  1071.  1068.  1037.  1011.  1066.  1051.  1013.
  1060.  1057.  1038.  1070.  1048.]
[    0.     0.     0.     0.     0.     0.     0.  9563. 10063. 10566.
 11194. 11362. 11937. 12161. 12808. 13055. 13135. 13200. 13454. 13684.
 13969. 14226. 14449. 14396. 14302. 14666. 14930. 14842. 15130. 15105.
 15050. 15230. 15403. 15387. 15330. 15328. 15610. 15754. 15734. 15688.
 16090. 15732. 16050. 15907. 15672.  9535.  9658.  9461.  9614.  9727.
  9601.  9620.  9705.  9809.  9582.  9691.  9652.  9822.  9690.  9773.
  9673.  9992.  9844.  9583.  9809.  9924.  9816.  9714.  9795.  9891.
  9806.  9789.  9815.  9929. 10094.  9959.  9875. 10004.  9958.  9675.
  9776.  9837.  9880. 10055. 10018.  9969. 10026.  9857. 10007.  9999.
  9935.  9828.  9948. 10074.  9927.  1041.  1052.  1061.  1063.  1005.
  1008.  1075.  1047.  1069.  1072.  1072.  1021.  1020.  1088.  1034.
  1033.  1049.  1045.  1049.  1076.  1037.  1063.  1061.  1088.  1080.
  1056.  1015.  1028.   999.  1023.  1015.  1096.  1057.  1105.  1038.
  1034.   992.  1041.  1071.  1068.  1037.  1011.  1066.  1051.  1013.
  1060.  1057.  1038.  1070.  1048.]
Total events saved: 1079581
I put evnts 0 - 1079581 into /mnt/scratch/micall12/training_files/NuMu_140000_level2_sim4B_IC19_start_DClt150_CC_start_DC_all_end_flat_145bins_26659evtperbin.hdf5
