Keeping CC event types
Saving PEGLEG info: False 
Bin size: 1.000000 GeV 
Max Count Per Bin: 28000 events 
Energy Range: 5.000000 - 150.000000 
Starting cut: old_start_DC 
Ending cut: all_end 
Shuffling: False 
Keeping event types: CC
Total events this file: 64134
Total events saved: 13500, Saved this file: 13500, Finsihed file: /mnt/scratch/micall12/training_files/NuMu_140000_000150_level2_sim3.zst_precleaning_lt200_NOvertex_IC19.hdf5
[  0.   0.   0.   0.   0.   0.   0. 160. 205. 212. 243. 232. 274. 218.
 247. 244. 248. 267. 282. 252. 252. 276. 314. 287. 284. 314. 274. 268.
 288. 299. 302. 316. 309. 291. 278. 311. 287. 311. 297. 309. 302. 302.
 323. 288. 323.   0.   0.   0.   0.   0.   0.   0.   0.   0.   0.   0.
   0.   0.   0.   0.   0.   0.   0.   0.   0.   0.   0.   0.   0.   0.
   0.   0.   0.   0.   0.   0.   0.   0.   0.   0.   0.   0.   0.   0.
   0.   0.   0.   0.   0.   0.   0.   0.   0.   0.   0.  64.  53.  58.
  57.  56.  57.  58.  58.  67.  75.  55.  54.  57.  65.  45.  63.  59.
  66.  57.  72.  61.  63.  71.  69.  69.  52.  66.  57.  63.  56.  61.
  52.  68.  58.  48.  58.  58.  62.  65.  80.  45.  59.  71.  49.  48.
  68.  57.  68.  53.  60.]
Total events this file: 112609
Total events saved: 36091, Saved this file: 22591, Finsihed file: /mnt/scratch/micall12/training_files/NuMu_140000_000151_level2_sim3.zst_precleaning_lt200_NOvertex_IC19.hdf5
[  0.   0.   0.   0.   0.   0.   0. 330. 406. 438. 442. 442. 514. 466.
 497. 517. 536. 552. 540. 503. 549. 560. 606. 580. 609. 615. 567. 562.
 571. 577. 614. 588. 595. 588. 598. 605. 619. 604. 600. 621. 585. 611.
 655. 586. 631. 240. 226. 229. 245. 207. 221. 234. 254. 222. 235. 272.
 247. 224. 227. 229. 263. 236. 211. 220. 249. 248. 251. 258. 243. 239.
 248. 241. 233. 235. 248. 242. 238. 230. 246. 249. 231. 226. 229. 268.
 239. 243. 257. 254. 224. 250. 238. 231. 257. 259. 255.  64.  53.  58.
  57.  56.  57.  58.  58.  67.  75.  55.  54.  57.  65.  45.  63.  59.
  66.  57.  72.  61.  63.  71.  69.  69.  52.  66.  57.  63.  56.  61.
  52.  68.  58.  48.  58.  58.  62.  65.  80.  45.  59.  71.  49.  48.
  68.  57.  68.  53.  60.]
Total events this file: 67348
Total events saved: 46497, Saved this file: 10406, Finsihed file: /mnt/scratch/micall12/training_files/NuMu_140000_000152_level2_sim3.zst_precleaning_lt200_NOvertex_IC19.hdf5
[  0.   0.   0.   0.   0.   0.   0. 514. 607. 630. 669. 654. 767. 711.
 762. 765. 796. 805. 817. 778. 819. 846. 903. 858. 885. 914. 850. 847.
 840. 878. 918. 885. 854. 875. 907. 913. 900. 909. 897. 931. 874. 924.
 944. 893. 946. 240. 226. 229. 245. 207. 221. 234. 254. 222. 235. 272.
 247. 224. 227. 229. 263. 236. 211. 220. 249. 248. 251. 258. 243. 239.
 248. 241. 233. 235. 248. 242. 238. 230. 246. 249. 231. 226. 229. 268.
 239. 243. 257. 254. 224. 250. 238. 231. 257. 259. 255.  64.  53.  58.
  57.  56.  57.  58.  58.  67.  75.  55.  54.  57.  65.  45.  63.  59.
  66.  57.  72.  61.  63.  71.  69.  69.  52.  66.  57.  63.  56.  61.
  52.  68.  58.  48.  58.  58.  62.  65.  80.  45.  59.  71.  49.  48.
  68.  57.  68.  53.  60.]
Total events this file: 38538
Total events saved: 57023, Saved this file: 10526, Finsihed file: /mnt/scratch/micall12/training_files/NuMu_140000_000153_level2_sim3.zst_precleaning_lt200_NOvertex_IC19.hdf5
[   0.    0.    0.    0.    0.    0.    0.  700.  803.  841.  900.  886.
  998.  961. 1031. 1025. 1058. 1074. 1099. 1065. 1091. 1137. 1159. 1111.
 1163. 1172. 1146. 1143. 1140. 1176. 1200. 1176. 1118. 1216. 1235. 1203.
 1220. 1236. 1224. 1211. 1160. 1213. 1242. 1190. 1288.  240.  226.  229.
  245.  207.  221.  234.  254.  222.  235.  272.  247.  224.  227.  229.
  263.  236.  211.  220.  249.  248.  251.  258.  243.  239.  248.  241.
  233.  235.  248.  242.  238.  230.  246.  249.  231.  226.  229.  268.
  239.  243.  257.  254.  224.  250.  238.  231.  257.  259.  255.   64.
   53.   58.   57.   56.   57.   58.   58.   67.   75.   55.   54.   57.
   65.   45.   63.   59.   66.   57.   72.   61.   63.   71.   69.   69.
   52.   66.   57.   63.   56.   61.   52.   68.   58.   48.   58.   58.
   62.   65.   80.   45.   59.   71.   49.   48.   68.   57.   68.   53.
   60.]
Total events this file: 140856
Total events saved: 79562, Saved this file: 22539, Finsihed file: /mnt/scratch/micall12/training_files/NuMu_140000_000154_level2_sim3.zst_precleaning_lt200_NOvertex_IC19.hdf5
[   0.    0.    0.    0.    0.    0.    0.  874. 1003. 1053. 1125. 1099.
 1259. 1178. 1268. 1284. 1335. 1310. 1362. 1338. 1347. 1439. 1447. 1394.
 1448. 1461. 1450. 1434. 1440. 1463. 1488. 1479. 1378. 1503. 1525. 1514.
 1500. 1525. 1522. 1509. 1504. 1496. 1543. 1496. 1625.  475.  477.  478.
  473.  460.  454.  487.  485.  452.  475.  519.  460.  474.  476.  472.
  515.  470.  446.  480.  464.  492.  489.  518.  480.  458.  497.  471.
  472.  467.  494.  503.  464.  491.  484.  472.  473.  492.  481.  546.
  486.  481.  504.  502.  459.  487.  486.  482.  504.  512.  494.   64.
   53.   58.   57.   56.   57.   58.   58.   67.   75.   55.   54.   57.
   65.   45.   63.   59.   66.   57.   72.   61.   63.   71.   69.   69.
   52.   66.   57.   63.   56.   61.   52.   68.   58.   48.   58.   58.
   62.   65.   80.   45.   59.   71.   49.   48.   68.   57.   68.   53.
   60.]
Total events this file: 111774
Total events saved: 102229, Saved this file: 22667, Finsihed file: /mnt/scratch/micall12/training_files/NuMu_140000_000155_level2_sim3.zst_precleaning_lt200_NOvertex_IC19.hdf5
[   0.    0.    0.    0.    0.    0.    0. 1048. 1190. 1254. 1369. 1314.
 1488. 1421. 1528. 1566. 1603. 1589. 1660. 1588. 1590. 1728. 1723. 1681.
 1716. 1740. 1739. 1736. 1722. 1788. 1786. 1765. 1658. 1782. 1826. 1808.
 1836. 1829. 1844. 1780. 1810. 1823. 1853. 1808. 1917.  692.  722.  710.
  723.  712.  691.  727.  736.  690.  698.  777.  695.  731.  697.  701.
  741.  700.  707.  710.  722.  706.  733.  767.  690.  731.  721.  721.
  687.  699.  751.  769.  709.  726.  733.  715.  732.  718.  734.  799.
  748.  701.  816.  756.  720.  741.  722.  717.  759.  777.  732.   64.
   53.   58.   57.   56.   57.   58.   58.   67.   75.   55.   54.   57.
   65.   45.   63.   59.   66.   57.   72.   61.   63.   71.   69.   69.
   52.   66.   57.   63.   56.   61.   52.   68.   58.   48.   58.   58.
   62.   65.   80.   45.   59.   71.   49.   48.   68.   57.   68.   53.
   60.]
Total events this file: 38513
Total events saved: 112574, Saved this file: 10345, Finsihed file: /mnt/scratch/micall12/training_files/NuMu_140000_000156_level2_sim3.zst_precleaning_lt200_NOvertex_IC19.hdf5
[   0.    0.    0.    0.    0.    0.    0. 1226. 1378. 1455. 1572. 1548.
 1729. 1629. 1800. 1839. 1863. 1830. 1936. 1858. 1856. 2005. 2028. 1960.
 1999. 2035. 1977. 2023. 2035. 2061. 2062. 2056. 1950. 2078. 2100. 2097.
 2146. 2155. 2139. 2073. 2112. 2122. 2196. 2128. 2195.  692.  722.  710.
  723.  712.  691.  727.  736.  690.  698.  777.  695.  731.  697.  701.
  741.  700.  707.  710.  722.  706.  733.  767.  690.  731.  721.  721.
  687.  699.  751.  769.  709.  726.  733.  715.  732.  718.  734.  799.
  748.  701.  816.  756.  720.  741.  722.  717.  759.  777.  732.   64.
   53.   58.   57.   56.   57.   58.   58.   67.   75.   55.   54.   57.
   65.   45.   63.   59.   66.   57.   72.   61.   63.   71.   69.   69.
   52.   66.   57.   63.   56.   61.   52.   68.   58.   48.   58.   58.
   62.   65.   80.   45.   59.   71.   49.   48.   68.   57.   68.   53.
   60.]
Total events this file: 140484
Total events saved: 135152, Saved this file: 22578, Finsihed file: /mnt/scratch/micall12/training_files/NuMu_140000_000157_level2_sim3.zst_precleaning_lt200_NOvertex_IC19.hdf5
[   0.    0.    0.    0.    0.    0.    0. 1392. 1580. 1680. 1797. 1789.
 1946. 1845. 2048. 2093. 2121. 2111. 2214. 2136. 2120. 2269. 2315. 2232.
 2280. 2335. 2250. 2335. 2336. 2373. 2349. 2391. 2276. 2378. 2392. 2408.
 2466. 2462. 2443. 2349. 2422. 2401. 2514. 2422. 2487.  922.  968.  968.
  978.  940.  911.  952.  980.  922.  943.  993.  958.  950.  969.  921.
  977.  925.  953.  956.  936.  938.  963. 1019.  933.  961.  967.  991.
  938.  930.  979. 1030.  976.  952.  966.  962. 1009.  931. 1012. 1038.
 1002.  933. 1067.  992.  963. 1005.  980.  953. 1005. 1016.  951.   64.
   53.   58.   57.   56.   57.   58.   58.   67.   75.   55.   54.   57.
   65.   45.   63.   59.   66.   57.   72.   61.   63.   71.   69.   69.
   52.   66.   57.   63.   56.   61.   52.   68.   58.   48.   58.   58.
   62.   65.   80.   45.   59.   71.   49.   48.   68.   57.   68.   53.
   60.]
Total events this file: 126152
Total events saved: 157447, Saved this file: 22295, Finsihed file: /mnt/scratch/micall12/training_files/NuMu_140000_000158_level2_sim3.zst_precleaning_lt200_NOvertex_IC19.hdf5
[   0.    0.    0.    0.    0.    0.    0. 1558. 1784. 1884. 2022. 2017.
 2173. 2108. 2290. 2345. 2337. 2354. 2481. 2381. 2364. 2547. 2608. 2511.
 2547. 2619. 2542. 2606. 2649. 2668. 2622. 2683. 2586. 2683. 2697. 2707.
 2747. 2733. 2758. 2639. 2737. 2716. 2811. 2724. 2789. 1145. 1224. 1209.
 1254. 1179. 1129. 1200. 1190. 1152. 1169. 1236. 1179. 1186. 1217. 1169.
 1221. 1172. 1199. 1185. 1144. 1174. 1214. 1260. 1153. 1223. 1214. 1248.
 1195. 1154. 1220. 1266. 1229. 1231. 1193. 1207. 1255. 1171. 1284. 1277.
 1198. 1157. 1306. 1219. 1193. 1265. 1209. 1193. 1276. 1255. 1211.   64.
   53.   58.   57.   56.   57.   58.   58.   67.   75.   55.   54.   57.
   65.   45.   63.   59.   66.   57.   72.   61.   63.   71.   69.   69.
   52.   66.   57.   63.   56.   61.   52.   68.   58.   48.   58.   58.
   62.   65.   80.   45.   59.   71.   49.   48.   68.   57.   68.   53.
   60.]
Total events this file: 112143
Total events saved: 180174, Saved this file: 22727, Finsihed file: /mnt/scratch/micall12/training_files/NuMu_140000_000159_level2_sim3.zst_precleaning_lt200_NOvertex_IC19.hdf5
[   0.    0.    0.    0.    0.    0.    0. 1735. 1992. 2120. 2246. 2234.
 2396. 2344. 2555. 2599. 2607. 2638. 2752. 2662. 2669. 2811. 2899. 2775.
 2829. 2920. 2833. 2898. 2917. 3009. 2917. 2965. 2897. 2985. 2991. 2995.
 3073. 3049. 3079. 2945. 3049. 3013. 3154. 3022. 3107. 1389. 1447. 1432.
 1502. 1407. 1363. 1453. 1429. 1385. 1423. 1484. 1430. 1418. 1443. 1416.
 1442. 1428. 1446. 1429. 1398. 1403. 1462. 1504. 1421. 1464. 1476. 1490.
 1454. 1385. 1456. 1493. 1465. 1475. 1441. 1452. 1520. 1423. 1542. 1513.
 1415. 1388. 1532. 1451. 1435. 1520. 1434. 1448. 1501. 1501. 1454.   64.
   53.   58.   57.   56.   57.   58.   58.   67.   75.   55.   54.   57.
   65.   45.   63.   59.   66.   57.   72.   61.   63.   71.   69.   69.
   52.   66.   57.   63.   56.   61.   52.   68.   58.   48.   58.   58.
   62.   65.   80.   45.   59.   71.   49.   48.   68.   57.   68.   53.
   60.]
Total events this file: 112258
Total events saved: 202774, Saved this file: 22600, Finsihed file: /mnt/scratch/micall12/training_files/NuMu_140000_000160_level2_sim3.zst_precleaning_lt200_NOvertex_IC19.hdf5
[   0.    0.    0.    0.    0.    0.    0. 1942. 2175. 2345. 2464. 2446.
 2629. 2563. 2792. 2852. 2868. 2896. 3030. 2915. 2945. 3086. 3169. 3048.
 3109. 3203. 3118. 3178. 3203. 3296. 3232. 3290. 3199. 3310. 3294. 3298.
 3348. 3339. 3406. 3240. 3388. 3268. 3469. 3319. 3427. 1614. 1664. 1679.
 1761. 1642. 1609. 1698. 1649. 1679. 1665. 1737. 1674. 1668. 1682. 1639.
 1671. 1673. 1689. 1648. 1627. 1629. 1720. 1721. 1673. 1732. 1731. 1696.
 1733. 1612. 1696. 1748. 1709. 1738. 1668. 1709. 1779. 1657. 1766. 1773.
 1635. 1634. 1772. 1702. 1698. 1771. 1678. 1683. 1778. 1755. 1700.   64.
   53.   58.   57.   56.   57.   58.   58.   67.   75.   55.   54.   57.
   65.   45.   63.   59.   66.   57.   72.   61.   63.   71.   69.   69.
   52.   66.   57.   63.   56.   61.   52.   68.   58.   48.   58.   58.
   62.   65.   80.   45.   59.   71.   49.   48.   68.   57.   68.   53.
   60.]
Total events this file: 111718
Total events saved: 225241, Saved this file: 22467, Finsihed file: /mnt/scratch/micall12/training_files/NuMu_140000_000161_level2_sim3.zst_precleaning_lt200_NOvertex_IC19.hdf5
[   0.    0.    0.    0.    0.    0.    0. 2114. 2371. 2552. 2700. 2667.
 2871. 2794. 3062. 3117. 3138. 3127. 3287. 3183. 3244. 3349. 3417. 3322.
 3386. 3473. 3403. 3433. 3513. 3558. 3517. 3591. 3468. 3622. 3621. 3584.
 3637. 3651. 3721. 3539. 3710. 3559. 3784. 3637. 3732. 1847. 1925. 1936.
 2017. 1880. 1835. 1937. 1869. 1920. 1919. 1996. 1909. 1924. 1913. 1871.
 1913. 1927. 1933. 1868. 1859. 1863. 1969. 1959. 1908. 1960. 1945. 1960.
 1970. 1842. 1956. 1991. 1956. 1977. 1901. 1947. 2004. 1916. 2022. 2036.
 1872. 1885. 2019. 1966. 1918. 2016. 1948. 1919. 2017. 1994. 1942.   64.
   53.   58.   57.   56.   57.   58.   58.   67.   75.   55.   54.   57.
   65.   45.   63.   59.   66.   57.   72.   61.   63.   71.   69.   69.
   52.   66.   57.   63.   56.   61.   52.   68.   58.   48.   58.   58.
   62.   65.   80.   45.   59.   71.   49.   48.   68.   57.   68.   53.
   60.]
Total events this file: 111941
Total events saved: 247577, Saved this file: 22336, Finsihed file: /mnt/scratch/micall12/training_files/NuMu_140000_000162_level2_sim3.zst_precleaning_lt200_NOvertex_IC19.hdf5
[   0.    0.    0.    0.    0.    0.    0. 2307. 2561. 2731. 2902. 2902.
 3105. 3021. 3283. 3346. 3402. 3367. 3552. 3449. 3514. 3635. 3693. 3613.
 3648. 3780. 3699. 3725. 3843. 3836. 3792. 3915. 3760. 3885. 3944. 3871.
 3944. 3970. 4011. 3842. 4016. 3887. 4095. 3924. 4006. 2094. 2163. 2184.
 2258. 2133. 2052. 2171. 2062. 2169. 2161. 2233. 2179. 2172. 2153. 2124.
 2136. 2183. 2197. 2096. 2098. 2081. 2208. 2178. 2142. 2172. 2166. 2205.
 2205. 2060. 2200. 2225. 2236. 2241. 2126. 2188. 2243. 2161. 2269. 2293.
 2093. 2109. 2264. 2221. 2145. 2273. 2181. 2163. 2279. 2243. 2202.   64.
   53.   58.   57.   56.   57.   58.   58.   67.   75.   55.   54.   57.
   65.   45.   63.   59.   66.   57.   72.   61.   63.   71.   69.   69.
   52.   66.   57.   63.   56.   61.   52.   68.   58.   48.   58.   58.
   62.   65.   80.   45.   59.   71.   49.   48.   68.   57.   68.   53.
   60.]
Total events this file: 111807
Total events saved: 269905, Saved this file: 22328, Finsihed file: /mnt/scratch/micall12/training_files/NuMu_140000_000163_level2_sim3.zst_precleaning_lt200_NOvertex_IC19.hdf5
[   0.    0.    0.    0.    0.    0.    0. 2511. 2739. 2922. 3102. 3088.
 3345. 3262. 3536. 3578. 3660. 3613. 3808. 3703. 3785. 3916. 3952. 3892.
 3919. 4079. 3971. 4021. 4119. 4126. 4076. 4212. 4039. 4199. 4246. 4173.
 4248. 4259. 4304. 4173. 4314. 4194. 4403. 4219. 4296. 2340. 2404. 2412.
 2475. 2348. 2316. 2401. 2324. 2398. 2391. 2467. 2425. 2412. 2386. 2372.
 2385. 2435. 2454. 2324. 2323. 2339. 2459. 2423. 2421. 2406. 2428. 2450.
 2453. 2296. 2434. 2472. 2453. 2466. 2383. 2428. 2474. 2406. 2517. 2525.
 2353. 2335. 2515. 2424. 2399. 2542. 2434. 2432. 2516. 2484. 2433.   64.
   53.   58.   57.   56.   57.   58.   58.   67.   75.   55.   54.   57.
   65.   45.   63.   59.   66.   57.   72.   61.   63.   71.   69.   69.
   52.   66.   57.   63.   56.   61.   52.   68.   58.   48.   58.   58.
   62.   65.   80.   45.   59.   71.   49.   48.   68.   57.   68.   53.
   60.]
Total events this file: 111686
Total events saved: 292298, Saved this file: 22393, Finsihed file: /mnt/scratch/micall12/training_files/NuMu_140000_000164_level2_sim3.zst_precleaning_lt200_NOvertex_IC19.hdf5
[   0.    0.    0.    0.    0.    0.    0. 2703. 2940. 3128. 3302. 3330.
 3564. 3489. 3757. 3803. 3892. 3865. 4068. 3955. 4056. 4163. 4234. 4149.
 4195. 4367. 4273. 4344. 4439. 4400. 4381. 4489. 4349. 4480. 4566. 4468.
 4557. 4555. 4600. 4492. 4639. 4501. 4703. 4534. 4603. 2579. 2647. 2640.
 2703. 2590. 2554. 2656. 2545. 2658. 2617. 2692. 2677. 2665. 2625. 2628.
 2624. 2662. 2684. 2551. 2565. 2567. 2738. 2652. 2640. 2653. 2664. 2677.
 2680. 2540. 2697. 2720. 2703. 2704. 2639. 2679. 2702. 2642. 2781. 2776.
 2612. 2548. 2753. 2662. 2595. 2806. 2705. 2664. 2797. 2731. 2665.   64.
   53.   58.   57.   56.   57.   58.   58.   67.   75.   55.   54.   57.
   65.   45.   63.   59.   66.   57.   72.   61.   63.   71.   69.   69.
   52.   66.   57.   63.   56.   61.   52.   68.   58.   48.   58.   58.
   62.   65.   80.   45.   59.   71.   49.   48.   68.   57.   68.   53.
   60.]
Total events this file: 111923
Total events saved: 314872, Saved this file: 22574, Finsihed file: /mnt/scratch/micall12/training_files/NuMu_140000_000165_level2_sim3.zst_precleaning_lt200_NOvertex_IC19.hdf5
[   0.    0.    0.    0.    0.    0.    0. 2889. 3120. 3361. 3517. 3572.
 3812. 3727. 3968. 4058. 4140. 4134. 4299. 4237. 4333. 4447. 4509. 4449.
 4501. 4680. 4554. 4611. 4740. 4689. 4684. 4763. 4682. 4756. 4886. 4782.
 4856. 4870. 4937. 4764. 4912. 4800. 5039. 4799. 4910. 2826. 2891. 2887.
 2958. 2835. 2794. 2902. 2755. 2893. 2853. 2950. 2918. 2913. 2879. 2836.
 2886. 2909. 2939. 2772. 2811. 2788. 2982. 2856. 2867. 2908. 2921. 2902.
 2919. 2773. 2971. 2966. 2975. 2942. 2880. 2888. 2963. 2867. 3056. 3020.
 2880. 2787. 2995. 2893. 2835. 3054. 2939. 2923. 3050. 2971. 2896.   64.
   53.   58.   57.   56.   57.   58.   58.   67.   75.   55.   54.   57.
   65.   45.   63.   59.   66.   57.   72.   61.   63.   71.   69.   69.
   52.   66.   57.   63.   56.   61.   52.   68.   58.   48.   58.   58.
   62.   65.   80.   45.   59.   71.   49.   48.   68.   57.   68.   53.
   60.]
Total events this file: 141329
Total events saved: 337321, Saved this file: 22449, Finsihed file: /mnt/scratch/micall12/training_files/NuMu_140000_000166_level2_sim3.zst_precleaning_lt200_NOvertex_IC19.hdf5
[   0.    0.    0.    0.    0.    0.    0. 3092. 3309. 3588. 3749. 3783.
 4041. 3960. 4206. 4311. 4425. 4408. 4544. 4507. 4581. 4713. 4785. 4713.
 4768. 4984. 4829. 4885. 5032. 4992. 4979. 5080. 4989. 5059. 5187. 5047.
 5141. 5180. 5248. 5055. 5228. 5136. 5339. 5101. 5222. 3066. 3092. 3111.
 3193. 3063. 3070. 3143. 3002. 3133. 3071. 3198. 3141. 3146. 3137. 3093.
 3131. 3128. 3187. 2981. 3048. 3049. 3227. 3100. 3113. 3144. 3162. 3166.
 3152. 3005. 3240. 3216. 3212. 3188. 3119. 3147. 3185. 3085. 3283. 3295.
 3133. 3013. 3221. 3133. 3093. 3298. 3208. 3147. 3297. 3220. 3129.   64.
   53.   58.   57.   56.   57.   58.   58.   67.   75.   55.   54.   57.
   65.   45.   63.   59.   66.   57.   72.   61.   63.   71.   69.   69.
   52.   66.   57.   63.   56.   61.   52.   68.   58.   48.   58.   58.
   62.   65.   80.   45.   59.   71.   49.   48.   68.   57.   68.   53.
   60.]
Total events this file: 112378
Total events saved: 359982, Saved this file: 22661, Finsihed file: /mnt/scratch/micall12/training_files/NuMu_140000_000167_level2_sim3.zst_precleaning_lt200_NOvertex_IC19.hdf5
[   0.    0.    0.    0.    0.    0.    0. 3279. 3507. 3787. 3971. 4012.
 4260. 4214. 4453. 4592. 4679. 4640. 4801. 4773. 4856. 4988. 5076. 4992.
 5033. 5262. 5112. 5139. 5325. 5322. 5249. 5375. 5306. 5357. 5482. 5356.
 5434. 5518. 5557. 5373. 5538. 5454. 5662. 5408. 5545. 3318. 3349. 3343.
 3430. 3309. 3293. 3420. 3248. 3362. 3291. 3426. 3391. 3375. 3381. 3325.
 3358. 3384. 3441. 3229. 3302. 3315. 3451. 3369. 3377. 3395. 3387. 3400.
 3384. 3257. 3473. 3460. 3421. 3418. 3348. 3408. 3439. 3305. 3537. 3531.
 3378. 3300. 3457. 3386. 3371. 3558. 3449. 3371. 3564. 3457. 3343.   64.
   53.   58.   57.   56.   57.   58.   58.   67.   75.   55.   54.   57.
   65.   45.   63.   59.   66.   57.   72.   61.   63.   71.   69.   69.
   52.   66.   57.   63.   56.   61.   52.   68.   58.   48.   58.   58.
   62.   65.   80.   45.   59.   71.   49.   48.   68.   57.   68.   53.
   60.]
Total events this file: 141186
Total events saved: 382687, Saved this file: 22705, Finsihed file: /mnt/scratch/micall12/training_files/NuMu_140000_000168_level2_sim3.zst_precleaning_lt200_NOvertex_IC19.hdf5
[   0.    0.    0.    0.    0.    0.    0. 3473. 3704. 4001. 4214. 4211.
 4510. 4448. 4720. 4820. 4963. 4911. 5070. 5021. 5117. 5275. 5363. 5277.
 5321. 5540. 5397. 5467. 5618. 5604. 5530. 5700. 5599. 5646. 5798. 5627.
 5754. 5826. 5895. 5670. 5815. 5764. 5980. 5731. 5877. 3547. 3566. 3586.
 3642. 3562. 3542. 3671. 3490. 3613. 3505. 3661. 3634. 3594. 3619. 3552.
 3594. 3629. 3687. 3440. 3548. 3553. 3704. 3613. 3610. 3639. 3629. 3636.
 3634. 3519. 3722. 3717. 3652. 3702. 3595. 3633. 3658. 3573. 3776. 3768.
 3655. 3569. 3716. 3599. 3623. 3782. 3707. 3624. 3819. 3743. 3567.   64.
   53.   58.   57.   56.   57.   58.   58.   67.   75.   55.   54.   57.
   65.   45.   63.   59.   66.   57.   72.   61.   63.   71.   69.   69.
   52.   66.   57.   63.   56.   61.   52.   68.   58.   48.   58.   58.
   62.   65.   80.   45.   59.   71.   49.   48.   68.   57.   68.   53.
   60.]
Total events this file: 137369
Total events saved: 408058, Saved this file: 25371, Finsihed file: /mnt/scratch/micall12/training_files/NuMu_140000_000169_level2_sim3.zst_precleaning_lt200_NOvertex_IC19.hdf5
[   0.    0.    0.    0.    0.    0.    0. 3679. 3882. 4192. 4442. 4407.
 4748. 4663. 4966. 5066. 5251. 5165. 5338. 5306. 5360. 5555. 5611. 5574.
 5599. 5804. 5730. 5764. 5908. 5914. 5821. 5971. 5892. 5892. 6092. 5917.
 6110. 6105. 6203. 5980. 6105. 6077. 6288. 6027. 6181. 3771. 3825. 3833.
 3890. 3803. 3772. 3900. 3737. 3846. 3745. 3873. 3891. 3838. 3858. 3786.
 3825. 3876. 3937. 3682. 3795. 3805. 3963. 3858. 3864. 3898. 3876. 3878.
 3878. 3743. 3959. 3958. 3885. 3951. 3842. 3932. 3903. 3818. 3985. 3985.
 3893. 3795. 3951. 3839. 3849. 4028. 3953. 3861. 4052. 3970. 3816.  118.
  111.  121.  112.  106.  117.  129.  114.  132.  134.  128.  122.  112.
  136.  109.  130.  118.  131.  106.  130.  120.  123.  131.  122.  127.
  110.  131.  109.  111.  117.  121.  106.  125.  114.  105.  133.  115.
  116.  114.  130.   99.  122.  136.  106.  102.  139.  122.  144.  115.
  121.]
Total events this file: 102673
Total events saved: 420306, Saved this file: 12248, Finsihed file: /mnt/scratch/micall12/training_files/NuMu_140000_000170_level2_sim3.zst_precleaning_lt200_NOvertex_IC19.hdf5
[   0.    0.    0.    0.    0.    0.    0. 3679. 3882. 4192. 4442. 4407.
 4748. 4663. 4966. 5066. 5251. 5165. 5338. 5306. 5360. 5555. 5611. 5574.
 5599. 5804. 5730. 5764. 5908. 5914. 5821. 5971. 5892. 5892. 6092. 5917.
 6110. 6105. 6203. 5980. 6105. 6077. 6288. 6027. 6181. 3993. 4080. 4050.
 4128. 4086. 4022. 4147. 3965. 4088. 3959. 4102. 4123. 4052. 4084. 4034.
 4074. 4134. 4206. 3924. 4052. 4059. 4172. 4117. 4120. 4149. 4109. 4132.
 4135. 3995. 4214. 4210. 4140. 4199. 4101. 4173. 4122. 4072. 4244. 4233.
 4153. 4031. 4202. 4110. 4083. 4266. 4208. 4104. 4297. 4218. 4048.  118.
  111.  121.  112.  106.  117.  129.  114.  132.  134.  128.  122.  112.
  136.  109.  130.  118.  131.  106.  130.  120.  123.  131.  122.  127.
  110.  131.  109.  111.  117.  121.  106.  125.  114.  105.  133.  115.
  116.  114.  130.   99.  122.  136.  106.  102.  139.  122.  144.  115.
  121.]
Total events this file: 111491
Total events saved: 442969, Saved this file: 22663, Finsihed file: /mnt/scratch/micall12/training_files/NuMu_140000_000171_level2_sim3.zst_precleaning_lt200_NOvertex_IC19.hdf5
[   0.    0.    0.    0.    0.    0.    0. 3870. 4077. 4409. 4679. 4621.
 4974. 4902. 5201. 5311. 5497. 5429. 5598. 5588. 5646. 5822. 5912. 5852.
 5891. 6083. 6011. 6035. 6193. 6200. 6160. 6272. 6201. 6204. 6382. 6242.
 6440. 6403. 6495. 6278. 6416. 6366. 6614. 6325. 6513. 4207. 4339. 4284.
 4334. 4337. 4252. 4403. 4210. 4312. 4203. 4349. 4352. 4316. 4316. 4284.
 4305. 4391. 4466. 4163. 4287. 4277. 4425. 4339. 4380. 4398. 4341. 4346.
 4387. 4264. 4492. 4423. 4360. 4450. 4359. 4407. 4372. 4319. 4488. 4482.
 4373. 4273. 4456. 4373. 4358. 4516. 4470. 4345. 4513. 4453. 4306.  118.
  111.  121.  112.  106.  117.  129.  114.  132.  134.  128.  122.  112.
  136.  109.  130.  118.  131.  106.  130.  120.  123.  131.  122.  127.
  110.  131.  109.  111.  117.  121.  106.  125.  114.  105.  133.  115.
  116.  114.  130.   99.  122.  136.  106.  102.  139.  122.  144.  115.
  121.]
Total events this file: 102800
Total events saved: 455105, Saved this file: 12136, Finsihed file: /mnt/scratch/micall12/training_files/NuMu_140000_000172_level2_sim3.zst_precleaning_lt200_NOvertex_IC19.hdf5
[   0.    0.    0.    0.    0.    0.    0. 3870. 4077. 4409. 4679. 4621.
 4974. 4902. 5201. 5311. 5497. 5429. 5598. 5588. 5646. 5822. 5912. 5852.
 5891. 6083. 6011. 6035. 6193. 6200. 6160. 6272. 6201. 6204. 6382. 6242.
 6440. 6403. 6495. 6278. 6416. 6366. 6614. 6325. 6513. 4410. 4593. 4513.
 4585. 4581. 4507. 4643. 4456. 4565. 4454. 4570. 4601. 4535. 4547. 4523.
 4560. 4628. 4715. 4388. 4529. 4513. 4673. 4591. 4632. 4609. 4581. 4602.
 4604. 4507. 4779. 4646. 4608. 4714. 4611. 4661. 4621. 4554. 4705. 4726.
 4615. 4526. 4688. 4636. 4582. 4771. 4720. 4603. 4765. 4691. 4554.  118.
  111.  121.  112.  106.  117.  129.  114.  132.  134.  128.  122.  112.
  136.  109.  130.  118.  131.  106.  130.  120.  123.  131.  122.  127.
  110.  131.  109.  111.  117.  121.  106.  125.  114.  105.  133.  115.
  116.  114.  130.   99.  122.  136.  106.  102.  139.  122.  144.  115.
  121.]
Total events this file: 111701
Total events saved: 477529, Saved this file: 22424, Finsihed file: /mnt/scratch/micall12/training_files/NuMu_140000_000173_level2_sim3.zst_precleaning_lt200_NOvertex_IC19.hdf5
[   0.    0.    0.    0.    0.    0.    0. 4053. 4288. 4620. 4891. 4827.
 5178. 5133. 5449. 5566. 5729. 5688. 5862. 5850. 5928. 6091. 6205. 6111.
 6170. 6363. 6312. 6328. 6496. 6480. 6466. 6592. 6493. 6511. 6634. 6504.
 6738. 6710. 6808. 6574. 6716. 6671. 6921. 6628. 6819. 4629. 4833. 4762.
 4826. 4796. 4730. 4882. 4676. 4796. 4671. 4815. 4821. 4769. 4813. 4741.
 4810. 4880. 4958. 4623. 4767. 4750. 4931. 4847. 4883. 4849. 4812. 4819.
 4851. 4749. 5037. 4859. 4871. 4959. 4890. 4927. 4863. 4804. 4984. 4980.
 4861. 4778. 4937. 4865. 4837. 5014. 4966. 4898. 4987. 4918. 4800.  118.
  111.  121.  112.  106.  117.  129.  114.  132.  134.  128.  122.  112.
  136.  109.  130.  118.  131.  106.  130.  120.  123.  131.  122.  127.
  110.  131.  109.  111.  117.  121.  106.  125.  114.  105.  133.  115.
  116.  114.  130.   99.  122.  136.  106.  102.  139.  122.  144.  115.
  121.]
Total events this file: 166380
Total events saved: 503067, Saved this file: 25538, Finsihed file: /mnt/scratch/micall12/training_files/NuMu_140000_000174_level2_sim3.zst_precleaning_lt200_NOvertex_IC19.hdf5
[   0.    0.    0.    0.    0.    0.    0. 4227. 4488. 4841. 5125. 5078.
 5404. 5384. 5706. 5841. 5962. 5950. 6116. 6157. 6221. 6369. 6478. 6384.
 6451. 6630. 6576. 6634. 6802. 6795. 6739. 6878. 6801. 6813. 6957. 6772.
 7040. 7015. 7109. 6893. 7052. 6975. 7227. 6918. 7122. 4821. 5064. 4956.
 5058. 5047. 4955. 5124. 4915. 5045. 4915. 5044. 5065. 5025. 5043. 4967.
 5070. 5126. 5194. 4846. 4993. 4975. 5175. 5120. 5124. 5098. 5065. 5053.
 5107. 4990. 5268. 5121. 5131. 5214. 5137. 5161. 5094. 5044. 5260. 5205.
 5094. 5041. 5180. 5103. 5096. 5251. 5199. 5144. 5241. 5155. 5046.  183.
  170.  181.  165.  172.  191.  189.  170.  190.  190.  191.  179.  180.
  188.  167.  200.  181.  178.  163.  181.  180.  183.  187.  200.  182.
  162.  191.  177.  178.  165.  174.  164.  176.  175.  166.  190.  175.
  166.  167.  185.  159.  178.  200.  164.  163.  203.  195.  192.  188.
  178.]
Total events this file: 134266
Total events saved: 525434, Saved this file: 22367, Finsihed file: /mnt/scratch/micall12/training_files/NuMu_140000_000175_level2_sim3.zst_precleaning_lt200_NOvertex_IC19.hdf5
[   0.    0.    0.    0.    0.    0.    0. 4439. 4650. 5051. 5320. 5277.
 5675. 5620. 5975. 6045. 6244. 6208. 6387. 6419. 6486. 6614. 6762. 6685.
 6765. 6922. 6817. 6914. 7084. 7114. 7029. 7158. 7105. 7086. 7287. 7072.
 7301. 7314. 7406. 7209. 7338. 7308. 7512. 7241. 7454. 5072. 5307. 5176.
 5303. 5278. 5176. 5356. 5152. 5278. 5146. 5309. 5308. 5245. 5273. 5252.
 5318. 5378. 5436. 5088. 5225. 5198. 5406. 5358. 5379. 5322. 5308. 5286.
 5339. 5238. 5490. 5389. 5392. 5452. 5381. 5409. 5318. 5265. 5483. 5410.
 5346. 5311. 5439. 5328. 5348. 5508. 5439. 5388. 5484. 5377. 5302.  183.
  170.  181.  165.  172.  191.  189.  170.  190.  190.  191.  179.  180.
  188.  167.  200.  181.  178.  163.  181.  180.  183.  187.  200.  182.
  162.  191.  177.  178.  165.  174.  164.  176.  175.  166.  190.  175.
  166.  167.  185.  159.  178.  200.  164.  163.  203.  195.  192.  188.
  178.]
Total events this file: 111930
Total events saved: 547722, Saved this file: 22288, Finsihed file: /mnt/scratch/micall12/training_files/NuMu_140000_000176_level2_sim3.zst_precleaning_lt200_NOvertex_IC19.hdf5
[   0.    0.    0.    0.    0.    0.    0. 4644. 4863. 5234. 5533. 5490.
 5913. 5831. 6220. 6303. 6507. 6457. 6645. 6668. 6762. 6869. 7053. 6943.
 7050. 7226. 7113. 7212. 7373. 7394. 7337. 7455. 7394. 7370. 7568. 7354.
 7586. 7617. 7749. 7495. 7669. 7608. 7795. 7558. 7756. 5296. 5547. 5409.
 5556. 5505. 5397. 5608. 5393. 5516. 5363. 5557. 5564. 5464. 5529. 5479.
 5563. 5603. 5689. 5330. 5443. 5449. 5633. 5619. 5614. 5581. 5563. 5524.
 5581. 5442. 5694. 5644. 5626. 5701. 5611. 5650. 5566. 5530. 5709. 5624.
 5580. 5581. 5700. 5560. 5616. 5756. 5660. 5643. 5707. 5607. 5554.  183.
  170.  181.  165.  172.  191.  189.  170.  190.  190.  191.  179.  180.
  188.  167.  200.  181.  178.  163.  181.  180.  183.  187.  200.  182.
  162.  191.  177.  178.  165.  174.  164.  176.  175.  166.  190.  175.
  166.  167.  185.  159.  178.  200.  164.  163.  203.  195.  192.  188.
  178.]
Total events this file: 141322
Total events saved: 570286, Saved this file: 22564, Finsihed file: /mnt/scratch/micall12/training_files/NuMu_140000_000177_level2_sim3.zst_precleaning_lt200_NOvertex_IC19.hdf5
[   0.    0.    0.    0.    0.    0.    0. 4851. 5061. 5422. 5715. 5707.
 6138. 6067. 6486. 6540. 6742. 6716. 6926. 6925. 7056. 7130. 7325. 7213.
 7354. 7497. 7421. 7503. 7663. 7677. 7604. 7771. 7685. 7686. 7870. 7657.
 7882. 7949. 8025. 7810. 8009. 7917. 8110. 7867. 8061. 5531. 5778. 5638.
 5796. 5750. 5644. 5841. 5629. 5756. 5591. 5787. 5811. 5720. 5789. 5732.
 5828. 5852. 5946. 5569. 5677. 5696. 5880. 5836. 5851. 5799. 5835. 5787.
 5814. 5680. 5920. 5863. 5877. 5964. 5851. 5918. 5784. 5775. 5967. 5894.
 5824. 5826. 5952. 5789. 5863. 6000. 5865. 5899. 5959. 5860. 5783.  183.
  170.  181.  165.  172.  191.  189.  170.  190.  190.  191.  179.  180.
  188.  167.  200.  181.  178.  163.  181.  180.  183.  187.  200.  182.
  162.  191.  177.  178.  165.  174.  164.  176.  175.  166.  190.  175.
  166.  167.  185.  159.  178.  200.  164.  163.  203.  195.  192.  188.
  178.]
Total events this file: 111935
Total events saved: 593072, Saved this file: 22786, Finsihed file: /mnt/scratch/micall12/training_files/NuMu_140000_000178_level2_sim3.zst_precleaning_lt200_NOvertex_IC19.hdf5
[   0.    0.    0.    0.    0.    0.    0. 5034. 5274. 5624. 5926. 5924.
 6398. 6328. 6731. 6809. 7000. 6984. 7184. 7204. 7324. 7404. 7611. 7506.
 7645. 7779. 7740. 7803. 7947. 7940. 7865. 8035. 8010. 7990. 8167. 7956.
 8205. 8260. 8332. 8099. 8321. 8224. 8401. 8164. 8373. 5761. 6001. 5862.
 6055. 6003. 5877. 6097. 5890. 6007. 5812. 5996. 6036. 5973. 6050. 5994.
 6068. 6082. 6190. 5805. 5913. 5949. 6141. 6077. 6093. 6035. 6059. 6031.
 6080. 5921. 6169. 6101. 6120. 6215. 6101. 6167. 6009. 6039. 6224. 6145.
 6058. 6080. 6193. 6056. 6143. 6254. 6094. 6165. 6226. 6107. 6055.  183.
  170.  181.  165.  172.  191.  189.  170.  190.  190.  191.  179.  180.
  188.  167.  200.  181.  178.  163.  181.  180.  183.  187.  200.  182.
  162.  191.  177.  178.  165.  174.  164.  176.  175.  166.  190.  175.
  166.  167.  185.  159.  178.  200.  164.  163.  203.  195.  192.  188.
  178.]
Total events this file: 137115
Total events saved: 618773, Saved this file: 25701, Finsihed file: /mnt/scratch/micall12/training_files/NuMu_140000_000179_level2_sim3.zst_precleaning_lt200_NOvertex_IC19.hdf5
[   0.    0.    0.    0.    0.    0.    0. 5206. 5480. 5811. 6133. 6151.
 6591. 6547. 6986. 7066. 7229. 7239. 7447. 7447. 7606. 7715. 7912. 7811.
 7939. 8050. 8064. 8089. 8217. 8230. 8164. 8340. 8303. 8300. 8484. 8256.
 8537. 8556. 8641. 8401. 8613. 8523. 8716. 8498. 8661. 6004. 6235. 6098.
 6302. 6233. 6104. 6329. 6122. 6242. 6050. 6251. 6285. 6222. 6307. 6213.
 6302. 6333. 6443. 6056. 6179. 6195. 6375. 6317. 6344. 6251. 6299. 6257.
 6330. 6164. 6424. 6338. 6385. 6471. 6335. 6401. 6245. 6270. 6465. 6406.
 6321. 6334. 6423. 6310. 6394. 6516. 6331. 6399. 6453. 6407. 6311.  251.
  234.  249.  222.  220.  251.  255.  243.  256.  242.  246.  223.  240.
  246.  222.  270.  240.  240.  210.  246.  239.  258.  248.  255.  244.
  216.  253.  241.  237.  217.  245.  235.  256.  222.  232.  238.  237.
  228.  227.  251.  233.  231.  264.  223.  228.  258.  279.  248.  240.
  244.]
Total events this file: 141240
Total events saved: 641326, Saved this file: 22553, Finsihed file: /mnt/scratch/micall12/training_files/NuMu_140000_000180_level2_sim3.zst_precleaning_lt200_NOvertex_IC19.hdf5
[   0.    0.    0.    0.    0.    0.    0. 5397. 5684. 6041. 6357. 6363.
 6802. 6788. 7264. 7335. 7461. 7499. 7741. 7728. 7876. 7961. 8208. 8108.
 8216. 8316. 8351. 8365. 8496. 8526. 8467. 8641. 8622. 8583. 8811. 8539.
 8821. 8878. 8931. 8732. 8915. 8833. 9015. 8785. 8983. 6236. 6431. 6342.
 6535. 6465. 6347. 6589. 6341. 6495. 6294. 6491. 6513. 6444. 6522. 6455.
 6541. 6559. 6679. 6283. 6409. 6462. 6629. 6574. 6587. 6501. 6553. 6490.
 6553. 6400. 6663. 6587. 6641. 6713. 6611. 6614. 6496. 6471. 6698. 6672.
 6591. 6582. 6690. 6567. 6617. 6765. 6583. 6641. 6714. 6674. 6544.  251.
  234.  249.  222.  220.  251.  255.  243.  256.  242.  246.  223.  240.
  246.  222.  270.  240.  240.  210.  246.  239.  258.  248.  255.  244.
  216.  253.  241.  237.  217.  245.  235.  256.  222.  232.  238.  237.
  228.  227.  251.  233.  231.  264.  223.  228.  258.  279.  248.  240.
  244.]
Total events this file: 140689
Total events saved: 663683, Saved this file: 22357, Finsihed file: /mnt/scratch/micall12/training_files/NuMu_140000_000181_level2_sim3.zst_precleaning_lt200_NOvertex_IC19.hdf5
[   0.    0.    0.    0.    0.    0.    0. 5571. 5879. 6252. 6569. 6598.
 7022. 7002. 7511. 7587. 7732. 7745. 7992. 7967. 8151. 8254. 8487. 8392.
 8503. 8572. 8640. 8657. 8775. 8813. 8764. 8922. 8915. 8907. 9104. 8822.
 9148. 9196. 9235. 9034. 9237. 9124. 9336. 9079. 9306. 6460. 6679. 6589.
 6773. 6694. 6562. 6830. 6573. 6752. 6559. 6725. 6743. 6682. 6776. 6689.
 6779. 6813. 6912. 6549. 6645. 6705. 6857. 6819. 6824. 6756. 6819. 6727.
 6776. 6650. 6907. 6814. 6906. 6934. 6848. 6848. 6725. 6708. 6949. 6898.
 6854. 6825. 6946. 6801. 6860. 6995. 6847. 6862. 6939. 6918. 6749.  251.
  234.  249.  222.  220.  251.  255.  243.  256.  242.  246.  223.  240.
  246.  222.  270.  240.  240.  210.  246.  239.  258.  248.  255.  244.
  216.  253.  241.  237.  217.  245.  235.  256.  222.  232.  238.  237.
  228.  227.  251.  233.  231.  264.  223.  228.  258.  279.  248.  240.
  244.]
Total events this file: 102306
Total events saved: 675717, Saved this file: 12034, Finsihed file: /mnt/scratch/micall12/training_files/NuMu_140000_000182_level2_sim3.zst_precleaning_lt200_NOvertex_IC19.hdf5
[   0.    0.    0.    0.    0.    0.    0. 5571. 5879. 6252. 6569. 6598.
 7022. 7002. 7511. 7587. 7732. 7745. 7992. 7967. 8151. 8254. 8487. 8392.
 8503. 8572. 8640. 8657. 8775. 8813. 8764. 8922. 8915. 8907. 9104. 8822.
 9148. 9196. 9235. 9034. 9237. 9124. 9336. 9079. 9306. 6701. 6894. 6838.
 7019. 6917. 6805. 7089. 6799. 6995. 6788. 6968. 6972. 6898. 7013. 6938.
 7011. 7058. 7166. 6793. 6901. 6965. 7062. 7048. 7065. 7035. 7055. 6968.
 7017. 6903. 7132. 7059. 7150. 7162. 7081. 7088. 6956. 6954. 7158. 7143.
 7089. 7066. 7202. 7027. 7094. 7248. 7074. 7153. 7191. 7187. 6989.  251.
  234.  249.  222.  220.  251.  255.  243.  256.  242.  246.  223.  240.
  246.  222.  270.  240.  240.  210.  246.  239.  258.  248.  255.  244.
  216.  253.  241.  237.  217.  245.  235.  256.  222.  232.  238.  237.
  228.  227.  251.  233.  231.  264.  223.  228.  258.  279.  248.  240.
  244.]
Total events this file: 141297
Total events saved: 698345, Saved this file: 22628, Finsihed file: /mnt/scratch/micall12/training_files/NuMu_140000_000183_level2_sim3.zst_precleaning_lt200_NOvertex_IC19.hdf5
[   0.    0.    0.    0.    0.    0.    0. 5786. 6072. 6474. 6813. 6820.
 7240. 7241. 7780. 7872. 7979. 8023. 8268. 8227. 8434. 8527. 8748. 8701.
 8748. 8897. 8952. 8941. 9064. 9095. 9055. 9232. 9216. 9222. 9394. 9119.
 9429. 9484. 9550. 9317. 9568. 9427. 9661. 9408. 9608. 6946. 7121. 7072.
 7240. 7166. 7060. 7285. 7055. 7257. 7029. 7196. 7236. 7132. 7248. 7184.
 7269. 7283. 7415. 7022. 7139. 7196. 7304. 7287. 7331. 7261. 7284. 7229.
 7258. 7170. 7402. 7304. 7379. 7391. 7338. 7333. 7195. 7177. 7403. 7392.
 7333. 7321. 7454. 7263. 7323. 7481. 7301. 7368. 7434. 7424. 7229.  251.
  234.  249.  222.  220.  251.  255.  243.  256.  242.  246.  223.  240.
  246.  222.  270.  240.  240.  210.  246.  239.  258.  248.  255.  244.
  216.  253.  241.  237.  217.  245.  235.  256.  222.  232.  238.  237.
  228.  227.  251.  233.  231.  264.  223.  228.  258.  279.  248.  240.
  244.]
Total events this file: 111540
Total events saved: 720776, Saved this file: 22431, Finsihed file: /mnt/scratch/micall12/training_files/NuMu_140000_000184_level2_sim3.zst_precleaning_lt200_NOvertex_IC19.hdf5
[   0.    0.    0.    0.    0.    0.    0. 5967. 6257. 6702. 7012. 7031.
 7462. 7491. 8015. 8105. 8245. 8303. 8531. 8480. 8709. 8807. 9024. 8994.
 9036. 9160. 9244. 9221. 9362. 9412. 9335. 9540. 9545. 9536. 9677. 9409.
 9732. 9781. 9819. 9622. 9892. 9723. 9964. 9720. 9929. 7203. 7373. 7288.
 7479. 7392. 7309. 7539. 7310. 7499. 7278. 7393. 7477. 7370. 7465. 7413.
 7499. 7489. 7647. 7274. 7383. 7439. 7524. 7539. 7574. 7488. 7514. 7487.
 7497. 7393. 7666. 7570. 7619. 7620. 7596. 7578. 7458. 7437. 7634. 7638.
 7576. 7536. 7694. 7533. 7529. 7720. 7540. 7637. 7672. 7697. 7464.  251.
  234.  249.  222.  220.  251.  255.  243.  256.  242.  246.  223.  240.
  246.  222.  270.  240.  240.  210.  246.  239.  258.  248.  255.  244.
  216.  253.  241.  237.  217.  245.  235.  256.  222.  232.  238.  237.
  228.  227.  251.  233.  231.  264.  223.  228.  258.  279.  248.  240.
  244.]
Total events this file: 162319
Total events saved: 745840, Saved this file: 25064, Finsihed file: /mnt/scratch/micall12/training_files/NuMu_140000_000185_level2_sim3.zst_precleaning_lt200_NOvertex_IC19.hdf5
[    0.     0.     0.     0.     0.     0.     0.  6171.  6440.  6907.
  7223.  7250.  7708.  7745.  8257.  8377.  8492.  8566.  8790.  8750.
  8991.  9102.  9304.  9252.  9304.  9437.  9545.  9483.  9649.  9718.
  9607.  9853.  9828.  9830.  9990.  9710. 10028. 10071. 10108.  9934.
 10224. 10047. 10288. 10052. 10243.  7444.  7619.  7532.  7715.  7619.
  7546.  7793.  7534.  7755.  7519.  7616.  7716.  7635.  7702.  7656.
  7748.  7723.  7892.  7513.  7639.  7667.  7762.  7800.  7809.  7725.
  7778.  7707.  7752.  7617.  7899.  7816.  7871.  7859.  7824.  7803.
  7705.  7675.  7884.  7886.  7830.  7790.  7931.  7793.  7774.  7966.
  7773.  7874.  7906.  7936.  7727.   306.   286.   297.   270.   272.
   311.   305.   296.   314.   287.   295.   267.   291.   308.   275.
   316.   275.   286.   267.   293.   300.   306.   300.   293.   287.
   264.   293.   277.   288.   270.   303.   291.   307.   264.   278.
   281.   285.   272.   267.   306.   285.   276.   311.   280.   278.
   306.   333.   299.   304.   290.]
Total events this file: 132650
Total events saved: 770762, Saved this file: 24922, Finsihed file: /mnt/scratch/micall12/training_files/NuMu_140000_000186_level2_sim3.zst_precleaning_lt200_NOvertex_IC19.hdf5
[    0.     0.     0.     0.     0.     0.     0.  6362.  6655.  7098.
  7446.  7470.  7938.  7974.  8492.  8613.  8739.  8816.  9036.  9023.
  9247.  9401.  9562.  9522.  9573.  9731.  9830.  9770.  9952. 10006.
  9893. 10114. 10154. 10135. 10282. 10034. 10342. 10411. 10416. 10256.
 10545. 10351. 10585. 10351. 10534.  7681.  7850.  7775.  7990.  7838.
  7770.  8021.  7750.  7985.  7756.  7860.  7943.  7869.  7956.  7893.
  7970.  7981.  8129.  7763.  7871.  7913.  7989.  8047.  8043.  7981.
  8024.  7951.  8004.  7857.  8157.  8063.  8109.  8113.  8068.  8051.
  7964.  7909.  8131.  8094.  8059.  8054.  8195.  8040.  8011.  8197.
  8032.  8118.  8146.  8196.  7975.   355.   331.   343.   304.   307.
   341.   362.   347.   364.   336.   352.   313.   347.   362.   316.
   359.   308.   342.   325.   344.   340.   350.   353.   346.   341.
   308.   349.   318.   329.   325.   357.   345.   359.   305.   331.
   328.   346.   329.   308.   359.   335.   331.   356.   328.   317.
   357.   406.   345.   357.   345.]
Total events this file: 161931
Total events saved: 795635, Saved this file: 24873, Finsihed file: /mnt/scratch/micall12/training_files/NuMu_140000_000187_level2_sim3.zst_precleaning_lt200_NOvertex_IC19.hdf5
[    0.     0.     0.     0.     0.     0.     0.  6551.  6855.  7291.
  7660.  7699.  8176.  8204.  8756.  8896.  9020.  9068.  9285.  9287.
  9528.  9673.  9827.  9825.  9845. 10016. 10136. 10095. 10225. 10322.
 10175. 10426. 10461. 10423. 10601. 10362. 10638. 10704. 10733. 10545.
 10840. 10637. 10889. 10650. 10801.  7938.  8074.  8016.  8220.  8067.
  8011.  8251.  8021.  8241.  7979.  8061.  8188.  8087.  8196.  8136.
  8207.  8206.  8349.  8004.  8093.  8122.  8224.  8284.  8319.  8195.
  8276.  8187.  8243.  8103.  8400.  8320.  8351.  8360.  8319.  8284.
  8211.  8133.  8346.  8333.  8317.  8317.  8447.  8275.  8244.  8450.
  8262.  8376.  8381.  8457.  8225.   409.   385.   390.   353.   359.
   377.   395.   392.   418.   398.   404.   355.   392.   408.   365.
   399.   363.   398.   369.   404.   384.   394.   409.   413.   378.
   355.   394.   378.   375.   381.   404.   398.   400.   362.   383.
   373.   396.   380.   358.   401.   372.   373.   401.   385.   370.
   412.   454.   386.   405.   397.]
Total events this file: 121023
Total events saved: 819356, Saved this file: 23721, Finsihed file: /mnt/scratch/micall12/training_files/NuMu_140000_000188_level2_sim3.zst_precleaning_lt200_NOvertex_IC19.hdf5
[    0.     0.     0.     0.     0.     0.     0.  6737.  7046.  7489.
  7890.  7892.  8423.  8445.  8993.  9159.  9300.  9354.  9568.  9549.
  9793.  9936. 10095. 10117. 10113. 10302. 10423. 10373. 10551. 10597.
 10467. 10739. 10744. 10759. 10920. 10685. 10951. 11024. 11030. 10854.
 11142. 10930. 11225. 10950. 11108.  8178.  8310.  8250.  8460.  8309.
  8264.  8459.  8268.  8474.  8244.  8311.  8440.  8332.  8434.  8379.
  8427.  8454.  8593.  8229.  8346.  8365.  8459.  8527.  8569.  8421.
  8527.  8420.  8483.  8355.  8658.  8556.  8599.  8585.  8582.  8528.
  8461.  8375.  8575.  8585.  8583.  8552.  8709.  8526.  8469.  8691.
  8483.  8626.  8642.  8706.  8481.   426.   397.   408.   381.   375.
   393.   430.   412.   435.   413.   422.   375.   403.   435.   382.
   417.   398.   418.   392.   426.   404.   414.   429.   437.   398.
   379.   408.   396.   394.   404.   422.   423.   417.   382.   407.
   392.   422.   398.   381.   422.   388.   395.   424.   406.   382.
   438.   470.   414.   422.   418.]
Total events this file: 157976
Total events saved: 844230, Saved this file: 24874, Finsihed file: /mnt/scratch/micall12/training_files/NuMu_140000_000189_level2_sim3.zst_precleaning_lt200_NOvertex_IC19.hdf5
[    0.     0.     0.     0.     0.     0.     0.  6939.  7244.  7711.
  8084.  8120.  8663.  8688.  9242.  9421.  9591.  9603.  9802.  9804.
 10049. 10195. 10365. 10394. 10356. 10609. 10736. 10624. 10864. 10878.
 10769. 11034. 11051. 11048. 11240. 10965. 11234. 11318. 11350. 11150.
 11463. 11263. 11546. 11262. 11448.  8398.  8543.  8497.  8691.  8558.
  8498.  8712.  8508.  8721.  8472.  8558.  8674.  8543.  8681.  8649.
  8652.  8700.  8830.  8437.  8604.  8593.  8702.  8771.  8802.  8673.
  8756.  8652.  8705.  8602.  8907.  8791.  8809.  8825.  8835.  8761.
  8703.  8619.  8817.  8825.  8810.  8783.  8966.  8776.  8746.  8963.
  8712.  8899.  8904.  8934.  8713.   478.   440.   448.   436.   424.
   441.   481.   464.   486.   463.   479.   423.   444.   485.   426.
   453.   441.   460.   449.   462.   445.   465.   479.   493.   442.
   429.   462.   433.   441.   462.   463.   485.   459.   433.   449.
   435.   466.   443.   428.   466.   428.   441.   470.   454.   433.
   487.   526.   466.   483.   478.]
Total events this file: 161751
Total events saved: 869013, Saved this file: 24783, Finsihed file: /mnt/scratch/micall12/training_files/NuMu_140000_000190_level2_sim3.zst_precleaning_lt200_NOvertex_IC19.hdf5
[    0.     0.     0.     0.     0.     0.     0.  7125.  7403.  7938.
  8325.  8338.  8905.  8915.  9455.  9683.  9853.  9863. 10079. 10069.
 10321. 10471. 10627. 10671. 10661. 10881. 11000. 10912. 11128. 11154.
 11054. 11290. 11330. 11362. 11547. 11282. 11544. 11620. 11657. 11431.
 11746. 11556. 11851. 11576. 11750.  8637.  8788.  8718.  8935.  8804.
  8755.  8940.  8741.  8944.  8725.  8800.  8913.  8791.  8909.  8915.
  8903.  8953.  9076.  8685.  8834.  8817.  8965.  9007.  9030.  8917.
  8995.  8894.  8961.  8847.  9159.  9050.  9065.  9087.  9077.  9002.
  8933.  8866.  9067.  9080.  9058.  9015.  9185.  9029.  8995.  9212.
  8962.  9139.  9140.  9198.  8937.   526.   480.   497.   484.   471.
   487.   532.   516.   527.   514.   519.   471.   484.   527.   466.
   510.   478.   523.   507.   509.   491.   518.   511.   538.   496.
   487.   512.   476.   474.   499.   513.   534.   507.   489.   500.
   484.   502.   493.   465.   523.   476.   496.   521.   494.   484.
   527.   572.   516.   536.   523.]
Total events this file: 133733
Total events saved: 894318, Saved this file: 25305, Finsihed file: /mnt/scratch/micall12/training_files/NuMu_140000_000191_level2_sim3.zst_precleaning_lt200_NOvertex_IC19.hdf5
[    0.     0.     0.     0.     0.     0.     0.  7336.  7598.  8147.
  8541.  8540.  9133.  9176.  9680.  9936. 10102. 10129. 10345. 10351.
 10592. 10761. 10896. 10968. 10936. 11156. 11301. 11197. 11412. 11443.
 11322. 11599. 11630. 11633. 11844. 11584. 11853. 11942. 11942. 11753.
 12085. 11859. 12178. 11904. 12054.  8897.  9030.  8973.  9185.  9068.
  9009.  9178.  8975.  9202.  8967.  9030.  9142.  9031.  9155.  9155.
  9125.  9202.  9317.  8929.  9061.  9066.  9216.  9279.  9254.  9194.
  9250.  9144.  9203.  9104.  9386.  9337.  9305.  9331.  9328.  9244.
  9181.  9128.  9294.  9353.  9291.  9276.  9454.  9277.  9234.  9447.
  9208.  9379.  9392.  9412.  9195.   584.   517.   543.   522.   520.
   533.   578.   575.   579.   563.   581.   522.   534.   571.   524.
   551.   528.   586.   561.   564.   543.   581.   558.   572.   547.
   529.   559.   538.   530.   556.   571.   582.   547.   534.   545.
   529.   545.   543.   527.   572.   501.   546.   572.   541.   530.
   583.   615.   567.   598.   570.]
Total events this file: 134535
Total events saved: 919406, Saved this file: 25088, Finsihed file: /mnt/scratch/micall12/training_files/NuMu_140000_000192_level2_sim3.zst_precleaning_lt200_NOvertex_IC19.hdf5
[    0.     0.     0.     0.     0.     0.     0.  7529.  7802.  8371.
  8768.  8763.  9374.  9385.  9928. 10208. 10367. 10379. 10597. 10593.
 10883. 11030. 11214. 11254. 11207. 11430. 11586. 11491. 11688. 11717.
 11631. 11896. 11931. 11955. 12131. 11877. 12180. 12242. 12235. 12066.
 12373. 12138. 12466. 12255. 12306.  9106.  9285.  9205.  9396.  9293.
  9256.  9416.  9194.  9435.  9220.  9254.  9397.  9248.  9397.  9407.
  9351.  9449.  9581.  9167.  9290.  9301.  9457.  9518.  9495.  9446.
  9495.  9376.  9446.  9353.  9602.  9572.  9546.  9585.  9559.  9462.
  9428.  9381.  9546.  9601.  9561.  9513.  9722.  9534.  9479.  9686.
  9466.  9612.  9640.  9643.  9456.   635.   562.   597.   570.   569.
   586.   634.   626.   635.   610.   634.   578.   583.   622.   578.
   602.   585.   637.   620.   626.   602.   630.   608.   622.   605.
   581.   607.   597.   580.   609.   619.   634.   608.   584.   597.
   580.   602.   601.   572.   627.   558.   603.   637.   593.   606.
   637.   672.   615.   638.   619.]
Total events this file: 137176
Total events saved: 944899, Saved this file: 25493, Finsihed file: /mnt/scratch/micall12/training_files/NuMu_140000_000193_level2_sim3.zst_precleaning_lt200_NOvertex_IC19.hdf5
[    0.     0.     0.     0.     0.     0.     0.  7728.  7995.  8604.
  8986.  9001.  9635.  9655. 10165. 10469. 10591. 10604. 10850. 10883.
 11145. 11317. 11489. 11537. 11480. 11724. 11857. 11788. 11987. 11991.
 11910. 12180. 12245. 12252. 12421. 12159. 12497. 12539. 12544. 12357.
 12706. 12443. 12792. 12557. 12618.  9343.  9524.  9434.  9635.  9567.
  9503.  9640.  9454.  9673.  9463.  9503.  9629.  9475.  9624.  9638.
  9580.  9686.  9786.  9389.  9555.  9498.  9704.  9741.  9733.  9677.
  9741.  9640.  9706.  9582.  9845.  9831.  9778.  9830.  9797.  9705.
  9653.  9652.  9778.  9875.  9817.  9768.  9975.  9764.  9722.  9935.
  9691.  9846.  9886.  9896.  9687.   690.   636.   658.   632.   630.
   637.   683.   678.   693.   660.   693.   644.   636.   693.   637.
   659.   650.   698.   687.   681.   669.   701.   673.   697.   659.
   634.   658.   670.   637.   678.   682.   706.   652.   641.   654.
   641.   671.   663.   632.   696.   618.   661.   717.   644.   672.
   689.   717.   658.   693.   686.]
Total events this file: 137871
Total events saved: 970700, Saved this file: 25801, Finsihed file: /mnt/scratch/micall12/training_files/NuMu_140000_000194_level2_sim3.zst_precleaning_lt200_NOvertex_IC19.hdf5
[    0.     0.     0.     0.     0.     0.     0.  7913.  8209.  8808.
  9208.  9224.  9857.  9902. 10437. 10733. 10838. 10843. 11120. 11136.
 11414. 11579. 11778. 11825. 11774. 11999. 12154. 12115. 12300. 12288.
 12208. 12492. 12549. 12557. 12729. 12446. 12843. 12851. 12875. 12656.
 13041. 12719. 13122. 12883. 12938.  9567.  9764.  9643.  9893.  9815.
  9724.  9884.  9676.  9901.  9713.  9751.  9891.  9704.  9868.  9893.
  9793.  9923. 10027.  9627.  9817.  9775.  9952. 10001.  9962.  9929.
  9991.  9850.  9950.  9810. 10109. 10087. 10048. 10078. 10033.  9933.
  9901.  9916. 10000. 10136. 10083. 10026. 10208. 10002.  9982. 10155.
  9918. 10086. 10099. 10109.  9965.   751.   690.   718.   679.   688.
   695.   743.   750.   759.   717.   751.   731.   707.   748.   691.
   711.   703.   748.   749.   750.   728.   762.   728.   761.   711.
   705.   725.   725.   678.   731.   746.   757.   696.   708.   719.
   689.   738.   736.   709.   761.   683.   722.   781.   704.   750.
   752.   783.   699.   756.   747.]
Total events this file: 128197
Total events saved: 985699, Saved this file: 14999, Finsihed file: /mnt/scratch/micall12/training_files/NuMu_140000_000195_level2_sim3.zst_precleaning_lt200_NOvertex_IC19.hdf5
[    0.     0.     0.     0.     0.     0.     0.  7913.  8209.  8808.
  9208.  9224.  9857.  9902. 10437. 10733. 10838. 10843. 11120. 11136.
 11414. 11579. 11778. 11825. 11774. 11999. 12154. 12115. 12300. 12288.
 12208. 12492. 12549. 12557. 12729. 12446. 12843. 12851. 12875. 12656.
 13041. 12719. 13122. 12883. 12938.  9810.  9971.  9893. 10131. 10043.
  9966. 10126.  9905. 10151.  9944. 10016. 10147.  9974. 10128. 10133.
 10031. 10167. 10280.  9869. 10063. 10031. 10184. 10195. 10195. 10142.
 10260. 10066. 10207. 10071. 10360. 10353. 10282. 10330. 10270. 10183.
 10138. 10149. 10223. 10378. 10319. 10260. 10456. 10238. 10215. 10390.
 10163. 10311. 10343. 10345. 10215.   808.   749.   784.   739.   748.
   758.   790.   807.   824.   760.   825.   805.   767.   813.   747.
   761.   777.   809.   800.   810.   782.   830.   794.   827.   786.
   760.   769.   776.   732.   786.   809.   806.   749.   768.   776.
   746.   799.   812.   768.   799.   746.   785.   844.   765.   807.
   799.   842.   760.   806.   807.]
Total events this file: 137893
Total events saved: 1011165, Saved this file: 25466, Finsihed file: /mnt/scratch/micall12/training_files/NuMu_140000_000196_level2_sim3.zst_precleaning_lt200_NOvertex_IC19.hdf5
[    0.     0.     0.     0.     0.     0.     0.  8088.  8423.  9008.
  9453.  9462. 10106. 10132. 10673. 10995. 11107. 11134. 11403. 11434.
 11692. 11850. 12052. 12145. 12033. 12301. 12449. 12424. 12585. 12581.
 12513. 12782. 12862. 12869. 13053. 12757. 13118. 13158. 13162. 12947.
 13335. 13036. 13433. 13172. 13253. 10033. 10204. 10101. 10387. 10282.
 10214. 10364. 10141. 10441. 10152. 10245. 10379. 10225. 10358. 10365.
 10252. 10421. 10510. 10083. 10307. 10269. 10409. 10420. 10428. 10373.
 10506. 10336. 10454. 10329. 10634. 10564. 10529. 10584. 10505. 10418.
 10384. 10367. 10473. 10655. 10567. 10498. 10712. 10468. 10448. 10638.
 10408. 10548. 10582. 10584. 10460.   861.   822.   849.   806.   803.
   815.   843.   860.   879.   821.   882.   857.   826.   880.   813.
   811.   840.   856.   864.   872.   847.   886.   861.   885.   847.
   809.   816.   840.   783.   840.   862.   852.   811.   833.   836.
   804.   854.   861.   826.   876.   800.   838.   903.   825.   855.
   850.   887.   800.   865.   859.]
Total events this file: 137518
Total events saved: 1037027, Saved this file: 25862, Finsihed file: /mnt/scratch/micall12/training_files/NuMu_140000_000197_level2_sim3.zst_precleaning_lt200_NOvertex_IC19.hdf5
[    0.     0.     0.     0.     0.     0.     0.  8299.  8630.  9218.
  9669.  9702. 10359. 10389. 10930. 11232. 11391. 11414. 11669. 11728.
 11965. 12136. 12348. 12414. 12347. 12586. 12757. 12719. 12896. 12839.
 12811. 13069. 13152. 13175. 13385. 13052. 13427. 13434. 13450. 13248.
 13663. 13341. 13761. 13498. 13566. 10284. 10447. 10339. 10645. 10506.
 10426. 10618. 10367. 10656. 10397. 10481. 10630. 10466. 10575. 10593.
 10494. 10667. 10728. 10345. 10574. 10525. 10671. 10642. 10655. 10620.
 10726. 10596. 10687. 10552. 10896. 10798. 10766. 10846. 10733. 10642.
 10632. 10608. 10722. 10889. 10804. 10754. 10964. 10737. 10704. 10869.
 10658. 10801. 10812. 10838. 10692.   923.   885.   913.   858.   866.
   883.   891.   927.   939.   881.   935.   929.   886.   946.   879.
   870.   916.   920.   918.   933.   905.   951.   919.   949.   916.
   871.   887.   907.   848.   891.   907.   907.   856.   903.   895.
   886.   923.   918.   897.   940.   859.   892.   976.   891.   915.
   922.   936.   861.   932.   923.]
Total events this file: 127997
Total events saved: 1052073, Saved this file: 15046, Finsihed file: /mnt/scratch/micall12/training_files/NuMu_140000_000198_level2_sim3.zst_precleaning_lt200_NOvertex_IC19.hdf5
[    0.     0.     0.     0.     0.     0.     0.  8299.  8630.  9218.
  9669.  9702. 10359. 10389. 10930. 11232. 11391. 11414. 11669. 11728.
 11965. 12136. 12348. 12414. 12347. 12586. 12757. 12719. 12896. 12839.
 12811. 13069. 13152. 13175. 13385. 13052. 13427. 13434. 13450. 13248.
 13663. 13341. 13761. 13498. 13566. 10533. 10681. 10568. 10865. 10718.
 10675. 10841. 10608. 10888. 10637. 10739. 10831. 10715. 10787. 10840.
 10738. 10915. 10974. 10585. 10792. 10779. 10916. 10872. 10889. 10851.
 10970. 10839. 10918. 10801. 11131. 11036. 11016. 11087. 10985. 10902.
 10883. 10832. 10969. 11141. 11072. 10984. 11211. 10983. 10926. 11118.
 10900. 11054. 11064. 11108. 10924.   987.   943.   980.   921.   927.
   939.   942.   982.   992.   938.   995.  1004.   950.  1009.   932.
   938.   988.   973.   973.   990.   965.  1010.   971.  1014.   977.
   931.   951.   961.   910.   949.   974.   974.   919.   964.   962.
   950.   976.   973.   972.  1008.   932.   943.  1032.   945.   978.
   984.   996.   915.   986.   988.]
Total events this file: 98726
Total events saved: 1067103, Saved this file: 15030, Finsihed file: /mnt/scratch/micall12/training_files/NuMu_140000_000199_level2_sim3.zst_precleaning_lt200_NOvertex_IC19.hdf5
[    0.     0.     0.     0.     0.     0.     0.  8299.  8630.  9218.
  9669.  9702. 10359. 10389. 10930. 11232. 11391. 11414. 11669. 11728.
 11965. 12136. 12348. 12414. 12347. 12586. 12757. 12719. 12896. 12839.
 12811. 13069. 13152. 13175. 13385. 13052. 13427. 13434. 13450. 13248.
 13663. 13341. 13761. 13498. 13566. 10774. 10898. 10831. 11115. 10936.
 10949. 11088. 10861. 11116. 10879. 10999. 11055. 10969. 11042. 11049.
 10956. 11156. 11186. 10852. 11032. 11023. 11162. 11087. 11132. 11111.
 11203. 11088. 11171. 11066. 11391. 11245. 11263. 11320. 11231. 11118.
 11124. 11068. 11242. 11389. 11306. 11223. 11452. 11210. 11157. 11379.
 11150. 11292. 11297. 11339. 11153.  1041.  1016.  1042.   980.   985.
   999.   996.  1040.  1055.  1009.  1062.  1064.  1008.  1065.   988.
  1014.  1049.  1035.  1028.  1047.  1046.  1064.  1016.  1081.  1040.
   988.  1021.  1012.   965.  1007.  1035.  1040.   985.  1035.  1032.
   996.  1040.  1023.  1034.  1069.   974.  1000.  1110.   997.  1035.
  1038.  1049.   956.  1050.  1038.]
[    0.     0.     0.     0.     0.     0.     0.  8299.  8630.  9218.
  9669.  9702. 10359. 10389. 10930. 11232. 11391. 11414. 11669. 11728.
 11965. 12136. 12348. 12414. 12347. 12586. 12757. 12719. 12896. 12839.
 12811. 13069. 13152. 13175. 13385. 13052. 13427. 13434. 13450. 13248.
 13663. 13341. 13761. 13498. 13566. 10774. 10898. 10831. 11115. 10936.
 10949. 11088. 10861. 11116. 10879. 10999. 11055. 10969. 11042. 11049.
 10956. 11156. 11186. 10852. 11032. 11023. 11162. 11087. 11132. 11111.
 11203. 11088. 11171. 11066. 11391. 11245. 11263. 11320. 11231. 11118.
 11124. 11068. 11242. 11389. 11306. 11223. 11452. 11210. 11157. 11379.
 11150. 11292. 11297. 11339. 11153.  1041.  1016.  1042.   980.   985.
   999.   996.  1040.  1055.  1009.  1062.  1064.  1008.  1065.   988.
  1014.  1049.  1035.  1028.  1047.  1046.  1064.  1016.  1081.  1040.
   988.  1021.  1012.   965.  1007.  1035.  1040.   985.  1035.  1032.
   996.  1040.  1023.  1034.  1069.   974.  1000.  1110.   997.  1035.
  1038.  1049.   956.  1050.  1038.]
Total events saved: 1067103
I put evnts 0 - 1067103 into /mnt/scratch/micall12/training_files/NuMu_140000_level2_sim3B_IC19_old_start_DC_precleaninglt150_CC_old_start_DC_all_end_flat_145bins_28000evtperbin.hdf5
