Keeping CC event types
Saving PEGLEG info: False 
Bin size: 1.000000 GeV 
Max Count Per Bin: 30000 events 
Energy Range: 5.000000 - 150.000000 
Starting cut: start_DC 
Ending cut: all_end 
Shuffling: False 
Keeping event types: CC
Total events this file: 64134
Total events saved: 14467, Saved this file: 14467, Finsihed file: /mnt/scratch/micall12/training_files/NuMu_140000_000150_level2_sim3.zst_precleaning_lt200_NOvertex_IC19.hdf5
[  0.   0.   0.   0.   0.   0.   0. 172. 217. 229. 258. 250. 285. 236.
 259. 259. 270. 279. 306. 272. 269. 296. 344. 310. 299. 330. 295. 297.
 307. 321. 323. 333. 334. 315. 306. 333. 312. 333. 322. 337. 324. 330.
 335. 306. 348.   0.   0.   0.   0.   0.   0.   0.   0.   0.   0.   0.
   0.   0.   0.   0.   0.   0.   0.   0.   0.   0.   0.   0.   0.   0.
   0.   0.   0.   0.   0.   0.   0.   0.   0.   0.   0.   0.   0.   0.
   0.   0.   0.   0.   0.   0.   0.   0.   0.   0.   0.  68.  60.  62.
  58.  60.  61.  61.  62.  71.  75.  60.  61.  56.  73.  55.  68.  59.
  70.  59.  74.  63.  69.  74.  71.  76.  66.  72.  56.  67.  61.  66.
  61.  73.  64.  52.  58.  62.  64.  66.  80.  51.  60.  72.  52.  50.
  79.  64.  72.  59.  63.]
Total events this file: 112609
Total events saved: 38779, Saved this file: 24312, Finsihed file: /mnt/scratch/micall12/training_files/NuMu_140000_000151_level2_sim3.zst_precleaning_lt200_NOvertex_IC19.hdf5
[  0.   0.   0.   0.   0.   0.   0. 354. 427. 470. 476. 481. 536. 504.
 520. 551. 582. 582. 583. 546. 590. 599. 664. 626. 636. 651. 609. 605.
 621. 614. 649. 627. 639. 638. 654. 643. 664. 646. 644. 673. 636. 660.
 700. 633. 681. 251. 241. 259. 259. 230. 241. 252. 278. 240. 254. 294.
 270. 252. 243. 244. 282. 264. 231. 236. 269. 271. 255. 270. 261. 256.
 264. 253. 254. 252. 261. 264. 255. 241. 261. 271. 245. 246. 250. 289.
 256. 267. 270. 269. 250. 269. 263. 257. 288. 278. 273.  68.  60.  62.
  58.  60.  61.  61.  62.  71.  75.  60.  61.  56.  73.  55.  68.  59.
  70.  59.  74.  63.  69.  74.  71.  76.  66.  72.  56.  67.  61.  66.
  61.  73.  64.  52.  58.  62.  64.  66.  80.  51.  60.  72.  52.  50.
  79.  64.  72.  59.  63.]
Total events this file: 67348
Total events saved: 49932, Saved this file: 11153, Finsihed file: /mnt/scratch/micall12/training_files/NuMu_140000_000152_level2_sim3.zst_precleaning_lt200_NOvertex_IC19.hdf5
[   0.    0.    0.    0.    0.    0.    0.  546.  643.  672.  709.  706.
  808.  759.  800.  814.  856.  855.  872.  835.  881.  896.  983.  922.
  933.  976.  906.  920.  913.  935.  977.  944.  926.  954.  975.  976.
  971.  968.  966. 1009.  948. 1008. 1008.  966. 1031.  251.  241.  259.
  259.  230.  241.  252.  278.  240.  254.  294.  270.  252.  243.  244.
  282.  264.  231.  236.  269.  271.  255.  270.  261.  256.  264.  253.
  254.  252.  261.  264.  255.  241.  261.  271.  245.  246.  250.  289.
  256.  267.  270.  269.  250.  269.  263.  257.  288.  278.  273.   68.
   60.   62.   58.   60.   61.   61.   62.   71.   75.   60.   61.   56.
   73.   55.   68.   59.   70.   59.   74.   63.   69.   74.   71.   76.
   66.   72.   56.   67.   61.   66.   61.   73.   64.   52.   58.   62.
   64.   66.   80.   51.   60.   72.   52.   50.   79.   64.   72.   59.
   63.]
Total events this file: 38538
Total events saved: 61235, Saved this file: 11303, Finsihed file: /mnt/scratch/micall12/training_files/NuMu_140000_000153_level2_sim3.zst_precleaning_lt200_NOvertex_IC19.hdf5
[   0.    0.    0.    0.    0.    0.    0.  743.  849.  895.  952.  958.
 1051. 1022. 1084. 1089. 1134. 1146. 1166. 1140. 1174. 1212. 1252. 1195.
 1245. 1259. 1226. 1233. 1230. 1254. 1275. 1252. 1213. 1330. 1322. 1282.
 1317. 1321. 1315. 1323. 1266. 1313. 1330. 1297. 1405.  251.  241.  259.
  259.  230.  241.  252.  278.  240.  254.  294.  270.  252.  243.  244.
  282.  264.  231.  236.  269.  271.  255.  270.  261.  256.  264.  253.
  254.  252.  261.  264.  255.  241.  261.  271.  245.  246.  250.  289.
  256.  267.  270.  269.  250.  269.  263.  257.  288.  278.  273.   68.
   60.   62.   58.   60.   61.   61.   62.   71.   75.   60.   61.   56.
   73.   55.   68.   59.   70.   59.   74.   63.   69.   74.   71.   76.
   66.   72.   56.   67.   61.   66.   61.   73.   64.   52.   58.   62.
   64.   66.   80.   51.   60.   72.   52.   50.   79.   64.   72.   59.
   63.]
Total events this file: 140856
Total events saved: 85444, Saved this file: 24209, Finsihed file: /mnt/scratch/micall12/training_files/NuMu_140000_000154_level2_sim3.zst_precleaning_lt200_NOvertex_IC19.hdf5
[   0.    0.    0.    0.    0.    0.    0.  928. 1061. 1121. 1186. 1184.
 1332. 1260. 1343. 1366. 1423. 1402. 1445. 1429. 1459. 1535. 1563. 1500.
 1546. 1557. 1558. 1545. 1558. 1562. 1589. 1577. 1496. 1633. 1633. 1619.
 1625. 1631. 1638. 1642. 1631. 1631. 1652. 1624. 1760.  513.  508.  537.
  502.  503.  485.  527.  530.  491.  511.  568.  499.  518.  511.  516.
  548.  518.  485.  511.  504.  539.  516.  548.  515.  492.  531.  491.
  508.  513.  528.  536.  498.  526.  521.  518.  502.  525.  524.  584.
  517.  527.  531.  527.  505.  515.  525.  525.  550.  543.  519.   68.
   60.   62.   58.   60.   61.   61.   62.   71.   75.   60.   61.   56.
   73.   55.   68.   59.   70.   59.   74.   63.   69.   74.   71.   76.
   66.   72.   56.   67.   61.   66.   61.   73.   64.   52.   58.   62.
   64.   66.   80.   51.   60.   72.   52.   50.   79.   64.   72.   59.
   63.]
Total events this file: 111774
Total events saved: 109802, Saved this file: 24358, Finsihed file: /mnt/scratch/micall12/training_files/NuMu_140000_000155_level2_sim3.zst_precleaning_lt200_NOvertex_IC19.hdf5
[   0.    0.    0.    0.    0.    0.    0. 1111. 1259. 1337. 1446. 1419.
 1576. 1516. 1622. 1669. 1709. 1701. 1762. 1705. 1718. 1845. 1850. 1804.
 1839. 1857. 1859. 1863. 1863. 1910. 1904. 1884. 1792. 1926. 1958. 1931.
 1986. 1962. 1992. 1939. 1959. 1989. 1992. 1962. 2075.  758.  764.  783.
  764.  779.  747.  784.  796.  748.  752.  835.  751.  787.  760.  773.
  803.  769.  767.  763.  778.  772.  775.  811.  743.  780.  777.  754.
  741.  768.  799.  823.  768.  782.  797.  771.  774.  762.  788.  860.
  799.  770.  853.  798.  785.  791.  790.  771.  821.  825.  786.   68.
   60.   62.   58.   60.   61.   61.   62.   71.   75.   60.   61.   56.
   73.   55.   68.   59.   70.   59.   74.   63.   69.   74.   71.   76.
   66.   72.   56.   67.   61.   66.   61.   73.   64.   52.   58.   62.
   64.   66.   80.   51.   60.   72.   52.   50.   79.   64.   72.   59.
   63.]
Total events this file: 38513
Total events saved: 120945, Saved this file: 11143, Finsihed file: /mnt/scratch/micall12/training_files/NuMu_140000_000156_level2_sim3.zst_precleaning_lt200_NOvertex_IC19.hdf5
[   0.    0.    0.    0.    0.    0.    0. 1306. 1461. 1554. 1661. 1663.
 1834. 1743. 1909. 1961. 1990. 1956. 2057. 1990. 2009. 2145. 2185. 2102.
 2136. 2170. 2112. 2163. 2199. 2199. 2199. 2202. 2114. 2247. 2254. 2248.
 2318. 2315. 2312. 2251. 2296. 2322. 2366. 2304. 2381.  758.  764.  783.
  764.  779.  747.  784.  796.  748.  752.  835.  751.  787.  760.  773.
  803.  769.  767.  763.  778.  772.  775.  811.  743.  780.  777.  754.
  741.  768.  799.  823.  768.  782.  797.  771.  774.  762.  788.  860.
  799.  770.  853.  798.  785.  791.  790.  771.  821.  825.  786.   68.
   60.   62.   58.   60.   61.   61.   62.   71.   75.   60.   61.   56.
   73.   55.   68.   59.   70.   59.   74.   63.   69.   74.   71.   76.
   66.   72.   56.   67.   61.   66.   61.   73.   64.   52.   58.   62.
   64.   66.   80.   51.   60.   72.   52.   50.   79.   64.   72.   59.
   63.]
Total events this file: 140484
Total events saved: 145208, Saved this file: 24263, Finsihed file: /mnt/scratch/micall12/training_files/NuMu_140000_000157_level2_sim3.zst_precleaning_lt200_NOvertex_IC19.hdf5
[   0.    0.    0.    0.    0.    0.    0. 1478. 1677. 1794. 1900. 1920.
 2067. 1973. 2180. 2231. 2263. 2259. 2357. 2287. 2292. 2428. 2496. 2389.
 2439. 2489. 2406. 2501. 2523. 2527. 2510. 2559. 2457. 2574. 2564. 2583.
 2662. 2651. 2643. 2551. 2630. 2627. 2708. 2619. 2705. 1010. 1028. 1058.
 1033. 1032.  977. 1038. 1054.  995. 1014. 1071. 1036. 1015. 1042. 1011.
 1053. 1013. 1035. 1028. 1008. 1012. 1021. 1082. 1012. 1035. 1040. 1048.
 1006. 1021. 1041. 1092. 1055. 1035. 1054. 1044. 1075.  989. 1089. 1115.
 1075. 1021. 1117. 1057. 1048. 1072. 1058. 1022. 1086. 1079. 1021.   68.
   60.   62.   58.   60.   61.   61.   62.   71.   75.   60.   61.   56.
   73.   55.   68.   59.   70.   59.   74.   63.   69.   74.   71.   76.
   66.   72.   56.   67.   61.   66.   61.   73.   64.   52.   58.   62.
   64.   66.   80.   51.   60.   72.   52.   50.   79.   64.   72.   59.
   63.]
Total events this file: 126152
Total events saved: 169196, Saved this file: 23988, Finsihed file: /mnt/scratch/micall12/training_files/NuMu_140000_000158_level2_sim3.zst_precleaning_lt200_NOvertex_IC19.hdf5
[   0.    0.    0.    0.    0.    0.    0. 1657. 1896. 2008. 2135. 2164.
 2315. 2253. 2435. 2497. 2493. 2516. 2645. 2558. 2564. 2724. 2806. 2686.
 2731. 2793. 2720. 2782. 2861. 2836. 2806. 2869. 2787. 2902. 2887. 2917.
 2968. 2950. 2985. 2868. 2963. 2971. 3030. 2946. 3033. 1257. 1301. 1309.
 1329. 1290. 1218. 1304. 1286. 1252. 1260. 1329. 1273. 1261. 1305. 1279.
 1317. 1281. 1291. 1277. 1233. 1266. 1289. 1340. 1249. 1321. 1299. 1329.
 1278. 1256. 1305. 1360. 1320. 1334. 1305. 1318. 1330. 1252. 1385. 1378.
 1288. 1261. 1381. 1295. 1301. 1356. 1299. 1275. 1372. 1334. 1295.   68.
   60.   62.   58.   60.   61.   61.   62.   71.   75.   60.   61.   56.
   73.   55.   68.   59.   70.   59.   74.   63.   69.   74.   71.   76.
   66.   72.   56.   67.   61.   66.   61.   73.   64.   52.   58.   62.
   64.   66.   80.   51.   60.   72.   52.   50.   79.   64.   72.   59.
   63.]
Total events this file: 112143
Total events saved: 193585, Saved this file: 24389, Finsihed file: /mnt/scratch/micall12/training_files/NuMu_140000_000159_level2_sim3.zst_precleaning_lt200_NOvertex_IC19.hdf5
[   0.    0.    0.    0.    0.    0.    0. 1841. 2111. 2261. 2378. 2390.
 2556. 2505. 2710. 2762. 2788. 2812. 2926. 2852. 2891. 3005. 3118. 2976.
 3034. 3120. 3041. 3096. 3145. 3196. 3116. 3171. 3120. 3229. 3205. 3231.
 3322. 3287. 3333. 3190. 3308. 3302. 3398. 3259. 3371. 1520. 1548. 1560.
 1585. 1535. 1479. 1580. 1536. 1506. 1539. 1590. 1532. 1520. 1564. 1548.
 1553. 1552. 1558. 1534. 1501. 1505. 1563. 1599. 1533. 1582. 1581. 1586.
 1557. 1502. 1554. 1600. 1579. 1594. 1572. 1579. 1610. 1515. 1659. 1625.
 1523. 1514. 1634. 1551. 1562. 1636. 1543. 1541. 1609. 1596. 1569.   68.
   60.   62.   58.   60.   61.   61.   62.   71.   75.   60.   61.   56.
   73.   55.   68.   59.   70.   59.   74.   63.   69.   74.   71.   76.
   66.   72.   56.   67.   61.   66.   61.   73.   64.   52.   58.   62.
   64.   66.   80.   51.   60.   72.   52.   50.   79.   64.   72.   59.
   63.]
Total events this file: 112258
Total events saved: 217938, Saved this file: 24353, Finsihed file: /mnt/scratch/micall12/training_files/NuMu_140000_000160_level2_sim3.zst_precleaning_lt200_NOvertex_IC19.hdf5
[   0.    0.    0.    0.    0.    0.    0. 2065. 2304. 2498. 2609. 2621.
 2802. 2741. 2972. 3035. 3062. 3092. 3220. 3130. 3192. 3304. 3418. 3267.
 3333. 3427. 3336. 3406. 3451. 3510. 3454. 3515. 3443. 3579. 3528. 3553.
 3624. 3599. 3690. 3508. 3664. 3591. 3737. 3580. 3709. 1768. 1774. 1822.
 1859. 1791. 1749. 1842. 1783. 1821. 1800. 1871. 1788. 1786. 1821. 1793.
 1802. 1813. 1830. 1774. 1746. 1765. 1841. 1830. 1800. 1874. 1846. 1807.
 1854. 1745. 1819. 1877. 1845. 1877. 1810. 1857. 1891. 1772. 1899. 1904.
 1754. 1781. 1897. 1829. 1843. 1911. 1806. 1788. 1904. 1863. 1831.   68.
   60.   62.   58.   60.   61.   61.   62.   71.   75.   60.   61.   56.
   73.   55.   68.   59.   70.   59.   74.   63.   69.   74.   71.   76.
   66.   72.   56.   67.   61.   66.   61.   73.   64.   52.   58.   62.
   64.   66.   80.   51.   60.   72.   52.   50.   79.   64.   72.   59.
   63.]
Total events this file: 111718
Total events saved: 242091, Saved this file: 24153, Finsihed file: /mnt/scratch/micall12/training_files/NuMu_140000_000161_level2_sim3.zst_precleaning_lt200_NOvertex_IC19.hdf5
[   0.    0.    0.    0.    0.    0.    0. 2246. 2512. 2716. 2855. 2859.
 3067. 2983. 3258. 3319. 3348. 3337. 3494. 3421. 3507. 3588. 3678. 3558.
 3627. 3715. 3648. 3684. 3778. 3796. 3769. 3829. 3734. 3920. 3875. 3868.
 3931. 3926. 4033. 3811. 4010. 3899. 4073. 3931. 4047. 2014. 2060. 2100.
 2129. 2043. 1991. 2103. 2020. 2084. 2079. 2145. 2037. 2062. 2075. 2047.
 2066. 2082. 2096. 2021. 1992. 2021. 2103. 2089. 2050. 2128. 2082. 2091.
 2108. 1995. 2088. 2143. 2110. 2127. 2060. 2107. 2138. 2054. 2178. 2192.
 2023. 2061. 2163. 2110. 2083. 2162. 2083. 2043. 2161. 2122. 2104.   68.
   60.   62.   58.   60.   61.   61.   62.   71.   75.   60.   61.   56.
   73.   55.   68.   59.   70.   59.   74.   63.   69.   74.   71.   76.
   66.   72.   56.   67.   61.   66.   61.   73.   64.   52.   58.   62.
   64.   66.   80.   51.   60.   72.   52.   50.   79.   64.   72.   59.
   63.]
Total events this file: 111941
Total events saved: 266156, Saved this file: 24065, Finsihed file: /mnt/scratch/micall12/training_files/NuMu_140000_000162_level2_sim3.zst_precleaning_lt200_NOvertex_IC19.hdf5
[   0.    0.    0.    0.    0.    0.    0. 2451. 2712. 2914. 3069. 3105.
 3323. 3231. 3501. 3565. 3622. 3591. 3777. 3707. 3802. 3883. 3983. 3866.
 3903. 4046. 3966. 3999. 4127. 4099. 4061. 4175. 4055. 4209. 4227. 4169.
 4260. 4269. 4340. 4145. 4332. 4259. 4411. 4247. 4351. 2276. 2317. 2362.
 2388. 2313. 2222. 2365. 2242. 2346. 2340. 2397. 2328. 2330. 2337. 2319.
 2300. 2363. 2375. 2263. 2259. 2258. 2364. 2331. 2305. 2354. 2313. 2352.
 2366. 2240. 2348. 2394. 2416. 2410. 2297. 2367. 2397. 2325. 2451. 2470.
 2263. 2306. 2424. 2379. 2323. 2437. 2332. 2312. 2436. 2391. 2385.   68.
   60.   62.   58.   60.   61.   61.   62.   71.   75.   60.   61.   56.
   73.   55.   68.   59.   70.   59.   74.   63.   69.   74.   71.   76.
   66.   72.   56.   67.   61.   66.   61.   73.   64.   52.   58.   62.
   64.   66.   80.   51.   60.   72.   52.   50.   79.   64.   72.   59.
   63.]
Total events this file: 111807
Total events saved: 290116, Saved this file: 23960, Finsihed file: /mnt/scratch/micall12/training_files/NuMu_140000_000163_level2_sim3.zst_precleaning_lt200_NOvertex_IC19.hdf5
[   0.    0.    0.    0.    0.    0.    0. 2664. 2902. 3125. 3278. 3310.
 3579. 3491. 3769. 3824. 3900. 3844. 4052. 3976. 4090. 4184. 4265. 4176.
 4201. 4369. 4259. 4324. 4418. 4410. 4365. 4493. 4355. 4544. 4545. 4493.
 4595. 4586. 4655. 4505. 4650. 4596. 4736. 4568. 4652. 2542. 2578. 2596.
 2624. 2555. 2508. 2603. 2511. 2602. 2586. 2652. 2585. 2586. 2589. 2578.
 2568. 2632. 2644. 2506. 2503. 2534. 2629. 2589. 2599. 2599. 2599. 2613.
 2641. 2493. 2594. 2660. 2648. 2647. 2567. 2620. 2636. 2590. 2715. 2732.
 2534. 2548. 2681. 2603. 2617. 2728. 2593. 2612. 2690. 2655. 2638.   68.
   60.   62.   58.   60.   61.   61.   62.   71.   75.   60.   61.   56.
   73.   55.   68.   59.   70.   59.   74.   63.   69.   74.   71.   76.
   66.   72.   56.   67.   61.   66.   61.   73.   64.   52.   58.   62.
   64.   66.   80.   51.   60.   72.   52.   50.   79.   64.   72.   59.
   63.]
Total events this file: 111686
Total events saved: 314200, Saved this file: 24084, Finsihed file: /mnt/scratch/micall12/training_files/NuMu_140000_000164_level2_sim3.zst_precleaning_lt200_NOvertex_IC19.hdf5
[   0.    0.    0.    0.    0.    0.    0. 2870. 3117. 3347. 3489. 3567.
 3803. 3732. 4008. 4066. 4147. 4106. 4326. 4246. 4383. 4449. 4571. 4454.
 4495. 4681. 4580. 4666. 4765. 4711. 4688. 4802. 4686. 4849. 4889. 4808.
 4924. 4896. 4974. 4840. 5003. 4932. 5074. 4909. 4981. 2806. 2838. 2842.
 2877. 2805. 2764. 2870. 2744. 2882. 2827. 2898. 2865. 2856. 2843. 2865.
 2826. 2880. 2895. 2762. 2766. 2770. 2921. 2838. 2835. 2864. 2855. 2858.
 2898. 2755. 2868. 2927. 2918. 2905. 2839. 2884. 2898. 2842. 2995. 2998.
 2806. 2778. 2934. 2856. 2847. 3000. 2879. 2870. 2984. 2923. 2894.   68.
   60.   62.   58.   60.   61.   61.   62.   71.   75.   60.   61.   56.
   73.   55.   68.   59.   70.   59.   74.   63.   69.   74.   71.   76.
   66.   72.   56.   67.   61.   66.   61.   73.   64.   52.   58.   62.
   64.   66.   80.   51.   60.   72.   52.   50.   79.   64.   72.   59.
   63.]
Total events this file: 111923
Total events saved: 338452, Saved this file: 24252, Finsihed file: /mnt/scratch/micall12/training_files/NuMu_140000_000165_level2_sim3.zst_precleaning_lt200_NOvertex_IC19.hdf5
[   0.    0.    0.    0.    0.    0.    0. 3069. 3308. 3596. 3714. 3825.
 4066. 3986. 4232. 4340. 4421. 4388. 4575. 4555. 4678. 4755. 4861. 4780.
 4814. 5021. 4875. 4953. 5086. 5017. 5017. 5093. 5041. 5153. 5230. 5134.
 5247. 5235. 5328. 5139. 5306. 5258. 5437. 5206. 5311. 3066. 3103. 3108.
 3141. 3057. 3016. 3138. 2977. 3130. 3075. 3172. 3121. 3127. 3115. 3101.
 3106. 3145. 3168. 2999. 3041. 3009. 3172. 3070. 3087. 3142. 3122. 3100.
 3148. 3011. 3166. 3193. 3208. 3164. 3092. 3110. 3170. 3089. 3293. 3254.
 3093. 3026. 3194. 3103. 3119. 3270. 3126. 3149. 3262. 3181. 3157.   68.
   60.   62.   58.   60.   61.   61.   62.   71.   75.   60.   61.   56.
   73.   55.   68.   59.   70.   59.   74.   63.   69.   74.   71.   76.
   66.   72.   56.   67.   61.   66.   61.   73.   64.   52.   58.   62.
   64.   66.   80.   51.   60.   72.   52.   50.   79.   64.   72.   59.
   63.]
Total events this file: 141329
Total events saved: 362564, Saved this file: 24112, Finsihed file: /mnt/scratch/micall12/training_files/NuMu_140000_000166_level2_sim3.zst_precleaning_lt200_NOvertex_IC19.hdf5
[   0.    0.    0.    0.    0.    0.    0. 3289. 3506. 3833. 3955. 4050.
 4309. 4240. 4486. 4613. 4720. 4693. 4839. 4844. 4951. 5030. 5153. 5067.
 5097. 5351. 5161. 5248. 5395. 5348. 5331. 5441. 5363. 5474. 5559. 5418.
 5552. 5574. 5662. 5452. 5642. 5614. 5768. 5536. 5659. 3324. 3327. 3358.
 3393. 3306. 3306. 3396. 3236. 3383. 3315. 3428. 3360. 3384. 3395. 3372.
 3366. 3385. 3429. 3227. 3290. 3279. 3433. 3330. 3346. 3391. 3384. 3390.
 3403. 3272. 3455. 3458. 3468. 3417. 3352. 3386. 3417. 3319. 3547. 3540.
 3367. 3269. 3433. 3361. 3395. 3533. 3423. 3394. 3527. 3449. 3407.   68.
   60.   62.   58.   60.   61.   61.   62.   71.   75.   60.   61.   56.
   73.   55.   68.   59.   70.   59.   74.   63.   69.   74.   71.   76.
   66.   72.   56.   67.   61.   66.   61.   73.   64.   52.   58.   62.
   64.   66.   80.   51.   60.   72.   52.   50.   79.   64.   72.   59.
   63.]
Total events this file: 112378
Total events saved: 386916, Saved this file: 24352, Finsihed file: /mnt/scratch/micall12/training_files/NuMu_140000_000167_level2_sim3.zst_precleaning_lt200_NOvertex_IC19.hdf5
[   0.    0.    0.    0.    0.    0.    0. 3484. 3713. 4041. 4198. 4291.
 4550. 4512. 4745. 4913. 4989. 4939. 5108. 5129. 5250. 5327. 5466. 5363.
 5375. 5652. 5470. 5526. 5714. 5696. 5628. 5758. 5704. 5797. 5876. 5759.
 5864. 5941. 6001. 5800. 5978. 5956. 6110. 5865. 6010. 3599. 3594. 3603.
 3650. 3572. 3541. 3688. 3494. 3626. 3551. 3671. 3622. 3634. 3660. 3628.
 3611. 3655. 3698. 3495. 3573. 3564. 3684. 3621. 3632. 3666. 3627. 3646.
 3660. 3534. 3708. 3721. 3697. 3664. 3597. 3658. 3692. 3558. 3815. 3791.
 3630. 3569. 3682. 3639. 3687. 3820. 3691. 3630. 3817. 3701. 3636.   68.
   60.   62.   58.   60.   61.   61.   62.   71.   75.   60.   61.   56.
   73.   55.   68.   59.   70.   59.   74.   63.   69.   74.   71.   76.
   66.   72.   56.   67.   61.   66.   61.   73.   64.   52.   58.   62.
   64.   66.   80.   51.   60.   72.   52.   50.   79.   64.   72.   59.
   63.]
Total events this file: 141186
Total events saved: 411350, Saved this file: 24434, Finsihed file: /mnt/scratch/micall12/training_files/NuMu_140000_000168_level2_sim3.zst_precleaning_lt200_NOvertex_IC19.hdf5
[   0.    0.    0.    0.    0.    0.    0. 3689. 3921. 4267. 4458. 4505.
 4809. 4764. 5028. 5157. 5300. 5232. 5400. 5400. 5534. 5634. 5774. 5671.
 5685. 5952. 5775. 5881. 6021. 6005. 5931. 6113. 6018. 6107. 6225. 6057.
 6212. 6279. 6367. 6111. 6285. 6280. 6456. 6211. 6352. 3843. 3824. 3868.
 3882. 3840. 3807. 3952. 3754. 3894. 3782. 3918. 3881. 3873. 3907. 3871.
 3866. 3925. 3964. 3732. 3848. 3824. 3944. 3887. 3880. 3923. 3889. 3909.
 3924. 3806. 3986. 3997. 3942. 3959. 3865. 3911. 3932. 3845. 4066. 4048.
 3929. 3859. 3953. 3879. 3958. 4065. 3965. 3901. 4090. 4017. 3884.   68.
   60.   62.   58.   60.   61.   61.   62.   71.   75.   60.   61.   56.
   73.   55.   68.   59.   70.   59.   74.   63.   69.   74.   71.   76.
   66.   72.   56.   67.   61.   66.   61.   73.   64.   52.   58.   62.
   64.   66.   80.   51.   60.   72.   52.   50.   79.   64.   72.   59.
   63.]
Total events this file: 137369
Total events saved: 438539, Saved this file: 27189, Finsihed file: /mnt/scratch/micall12/training_files/NuMu_140000_000169_level2_sim3.zst_precleaning_lt200_NOvertex_IC19.hdf5
[   0.    0.    0.    0.    0.    0.    0. 3902. 4114. 4467. 4697. 4711.
 5058. 4990. 5298. 5425. 5604. 5499. 5691. 5705. 5799. 5933. 6040. 5996.
 5984. 6240. 6121. 6196. 6334. 6339. 6251. 6405. 6332. 6374. 6533. 6368.
 6582. 6576. 6699. 6443. 6590. 6610. 6782. 6526. 6668. 4076. 4102. 4135.
 4148. 4096. 4051. 4194. 4013. 4138. 4044. 4140. 4151. 4135. 4156. 4128.
 4110. 4201. 4235. 3995. 4105. 4099. 4226. 4158. 4157. 4195. 4153. 4161.
 4193. 4048. 4245. 4257. 4191. 4239. 4133. 4225. 4197. 4109. 4297. 4282.
 4192. 4103. 4202. 4142. 4205. 4330. 4226. 4154. 4343. 4277. 4153.  124.
  123.  129.  116.  115.  131.  140.  119.  137.  139.  144.  135.  117.
  148.  117.  140.  129.  142.  112.  133.  122.  131.  136.  127.  135.
  122.  137.  120.  119.  120.  130.  116.  138.  122.  116.  138.  128.
  123.  121.  130.  111.  127.  145.  111.  107.  154.  133.  153.  126.
  124.]
Total events this file: 102673
Total events saved: 451650, Saved this file: 13111, Finsihed file: /mnt/scratch/micall12/training_files/NuMu_140000_000170_level2_sim3.zst_precleaning_lt200_NOvertex_IC19.hdf5
[   0.    0.    0.    0.    0.    0.    0. 3902. 4114. 4467. 4697. 4711.
 5058. 4990. 5298. 5425. 5604. 5499. 5691. 5705. 5799. 5933. 6040. 5996.
 5984. 6240. 6121. 6196. 6334. 6339. 6251. 6405. 6332. 6374. 6533. 6368.
 6582. 6576. 6699. 6443. 6590. 6610. 6782. 6526. 6668. 4312. 4374. 4377.
 4399. 4401. 4324. 4454. 4259. 4396. 4282. 4384. 4400. 4358. 4405. 4394.
 4375. 4480. 4525. 4244. 4375. 4363. 4447. 4430. 4436. 4459. 4413. 4431.
 4463. 4325. 4518. 4522. 4462. 4502. 4403. 4490. 4436. 4379. 4565. 4550.
 4477. 4360. 4473. 4409. 4454. 4593. 4501. 4426. 4614. 4539. 4398.  124.
  123.  129.  116.  115.  131.  140.  119.  137.  139.  144.  135.  117.
  148.  117.  140.  129.  142.  112.  133.  122.  131.  136.  127.  135.
  122.  137.  120.  119.  120.  130.  116.  138.  122.  116.  138.  128.
  123.  121.  130.  111.  127.  145.  111.  107.  154.  133.  153.  126.
  124.]
Total events this file: 111491
Total events saved: 476064, Saved this file: 24414, Finsihed file: /mnt/scratch/micall12/training_files/NuMu_140000_000171_level2_sim3.zst_precleaning_lt200_NOvertex_IC19.hdf5
[   0.    0.    0.    0.    0.    0.    0. 4111. 4319. 4696. 4948. 4939.
 5292. 5245. 5551. 5681. 5859. 5780. 5968. 6008. 6111. 6218. 6360. 6299.
 6299. 6544. 6422. 6488. 6630. 6642. 6625. 6726. 6670. 6713. 6845. 6705.
 6940. 6904. 7017. 6765. 6932. 6919. 7135. 6842. 7018. 4548. 4648. 4621.
 4628. 4667. 4570. 4729. 4525. 4636. 4533. 4646. 4650. 4648. 4660. 4661.
 4630. 4766. 4809. 4499. 4635. 4600. 4713. 4668. 4710. 4726. 4665. 4669.
 4747. 4614. 4816. 4759. 4713. 4777. 4677. 4754. 4694. 4648. 4834. 4811.
 4708. 4627. 4749. 4690. 4748. 4852. 4789. 4688. 4852. 4797. 4682.  124.
  123.  129.  116.  115.  131.  140.  119.  137.  139.  144.  135.  117.
  148.  117.  140.  129.  142.  112.  133.  122.  131.  136.  127.  135.
  122.  137.  120.  119.  120.  130.  116.  138.  122.  116.  138.  128.
  123.  121.  130.  111.  127.  145.  111.  107.  154.  133.  153.  126.
  124.]
Total events this file: 102800
Total events saved: 489083, Saved this file: 13019, Finsihed file: /mnt/scratch/micall12/training_files/NuMu_140000_000172_level2_sim3.zst_precleaning_lt200_NOvertex_IC19.hdf5
[   0.    0.    0.    0.    0.    0.    0. 4111. 4319. 4696. 4948. 4939.
 5292. 5245. 5551. 5681. 5859. 5780. 5968. 6008. 6111. 6218. 6360. 6299.
 6299. 6544. 6422. 6488. 6630. 6642. 6625. 6726. 6670. 6713. 6845. 6705.
 6940. 6904. 7017. 6765. 6932. 6919. 7135. 6842. 7018. 4765. 4918. 4870.
 4898. 4933. 4849. 4983. 4791. 4909. 4810. 4892. 4917. 4883. 4900. 4909.
 4897. 5017. 5076. 4745. 4898. 4858. 4977. 4933. 4972. 4955. 4916. 4940.
 4984. 4872. 5123. 4992. 4979. 5051. 4934. 5030. 4952. 4909. 5070. 5065.
 4969. 4892. 5012. 4984. 4996. 5122. 5058. 4969. 5123. 5064. 4944.  124.
  123.  129.  116.  115.  131.  140.  119.  137.  139.  144.  135.  117.
  148.  117.  140.  129.  142.  112.  133.  122.  131.  136.  127.  135.
  122.  137.  120.  119.  120.  130.  116.  138.  122.  116.  138.  128.
  123.  121.  130.  111.  127.  145.  111.  107.  154.  133.  153.  126.
  124.]
Total events this file: 111701
Total events saved: 513257, Saved this file: 24174, Finsihed file: /mnt/scratch/micall12/training_files/NuMu_140000_000173_level2_sim3.zst_precleaning_lt200_NOvertex_IC19.hdf5
[   0.    0.    0.    0.    0.    0.    0. 4306. 4544. 4926. 5176. 5165.
 5512. 5488. 5815. 5956. 6109. 6049. 6254. 6305. 6412. 6506. 6671. 6579.
 6604. 6845. 6744. 6808. 6957. 6950. 6959. 7061. 6987. 7037. 7131. 6984.
 7270. 7231. 7357. 7092. 7257. 7237. 7465. 7153. 7345. 5006. 5174. 5132.
 5158. 5170. 5089. 5240. 5022. 5152. 5050. 5150. 5159. 5137. 5179. 5140.
 5164. 5299. 5337. 5001. 5156. 5105. 5255. 5205. 5242. 5222. 5167. 5180.
 5247. 5124. 5403. 5234. 5266. 5316. 5228. 5309. 5217. 5170. 5370. 5342.
 5236. 5169. 5285. 5244. 5270. 5385. 5318. 5277. 5362. 5316. 5219.  124.
  123.  129.  116.  115.  131.  140.  119.  137.  139.  144.  135.  117.
  148.  117.  140.  129.  142.  112.  133.  122.  131.  136.  127.  135.
  122.  137.  120.  119.  120.  130.  116.  138.  122.  116.  138.  128.
  123.  121.  130.  111.  127.  145.  111.  107.  154.  133.  153.  126.
  124.]
Total events this file: 166380
Total events saved: 540598, Saved this file: 27341, Finsihed file: /mnt/scratch/micall12/training_files/NuMu_140000_000174_level2_sim3.zst_precleaning_lt200_NOvertex_IC19.hdf5
[   0.    0.    0.    0.    0.    0.    0. 4488. 4753. 5163. 5426. 5437.
 5754. 5759. 6095. 6245. 6352. 6333. 6528. 6640. 6724. 6801. 6966. 6871.
 6913. 7132. 7023. 7134. 7298. 7285. 7263. 7373. 7313. 7359. 7477. 7273.
 7583. 7567. 7683. 7432. 7613. 7555. 7788. 7466. 7678. 5215. 5422. 5354.
 5411. 5436. 5330. 5492. 5282. 5423. 5307. 5395. 5412. 5405. 5435. 5385.
 5438. 5567. 5596. 5248. 5394. 5337. 5519. 5490. 5501. 5486. 5444. 5434.
 5516. 5385. 5646. 5507. 5542. 5590. 5497. 5557. 5466. 5424. 5665. 5583.
 5495. 5440. 5543. 5499. 5539. 5638. 5565. 5530. 5629. 5571. 5485.  190.
  190.  193.  179.  179.  205.  206.  182.  199.  201.  210.  196.  188.
  205.  177.  214.  202.  192.  172.  186.  189.  194.  194.  212.  192.
  178.  204.  190.  184.  176.  190.  179.  193.  186.  182.  194.  192.
  178.  175.  191.  178.  188.  214.  171.  170.  223.  207.  208.  201.
  186.]
Total events this file: 134266
Total events saved: 564739, Saved this file: 24141, Finsihed file: /mnt/scratch/micall12/training_files/NuMu_140000_000175_level2_sim3.zst_precleaning_lt200_NOvertex_IC19.hdf5
[   0.    0.    0.    0.    0.    0.    0. 4711. 4927. 5384. 5636. 5653.
 6039. 6020. 6384. 6462. 6654. 6616. 6817. 6916. 7007. 7074. 7274. 7193.
 7249. 7451. 7295. 7436. 7614. 7622. 7574. 7672. 7636. 7655. 7826. 7592.
 7870. 7903. 8011. 7774. 7924. 7916. 8093. 7814. 8040. 5476. 5686. 5601.
 5675. 5689. 5572. 5736. 5532. 5673. 5559. 5673. 5673. 5651. 5679. 5681.
 5704. 5835. 5854. 5510. 5646. 5572. 5773. 5742. 5772. 5729. 5702. 5691.
 5764. 5654. 5891. 5797. 5820. 5846. 5764. 5828. 5712. 5664. 5909. 5819.
 5761. 5730. 5823. 5739. 5819. 5916. 5823. 5790. 5881. 5820. 5764.  190.
  190.  193.  179.  179.  205.  206.  182.  199.  201.  210.  196.  188.
  205.  177.  214.  202.  192.  172.  186.  189.  194.  194.  212.  192.
  178.  204.  190.  184.  176.  190.  179.  193.  186.  182.  194.  192.
  178.  175.  191.  178.  188.  214.  171.  170.  223.  207.  208.  201.
  186.]
Total events this file: 111930
Total events saved: 588710, Saved this file: 23971, Finsihed file: /mnt/scratch/micall12/training_files/NuMu_140000_000176_level2_sim3.zst_precleaning_lt200_NOvertex_IC19.hdf5
[   0.    0.    0.    0.    0.    0.    0. 4928. 5154. 5584. 5866. 5878.
 6300. 6245. 6648. 6739. 6941. 6882. 7083. 7192. 7297. 7354. 7590. 7469.
 7559. 7785. 7602. 7758. 7922. 7933. 7901. 7977. 7960. 7967. 8123. 7893.
 8175. 8222. 8377. 8082. 8275. 8244. 8396. 8159. 8366. 5716. 5945. 5854.
 5936. 5941. 5808. 6005. 5801. 5928. 5795. 5941. 5947. 5885. 5944. 5917.
 5969. 6074. 6127. 5764. 5888. 5850. 6024. 6024. 6012. 6012. 5974. 5941.
 6026. 5878. 6112. 6065. 6081. 6113. 6012. 6085. 5982. 5950. 6153. 6053.
 6018. 6018. 6096. 5988. 6103. 6183. 6067. 6059. 6128. 6066. 6041.  190.
  190.  193.  179.  179.  205.  206.  182.  199.  201.  210.  196.  188.
  205.  177.  214.  202.  192.  172.  186.  189.  194.  194.  212.  192.
  178.  204.  190.  184.  176.  190.  179.  193.  186.  182.  194.  192.
  178.  175.  191.  178.  188.  214.  171.  170.  223.  207.  208.  201.
  186.]
Total events this file: 141322
Total events saved: 612973, Saved this file: 24263, Finsihed file: /mnt/scratch/micall12/training_files/NuMu_140000_000177_level2_sim3.zst_precleaning_lt200_NOvertex_IC19.hdf5
[   0.    0.    0.    0.    0.    0.    0. 5145. 5364. 5785. 6066. 6120.
 6540. 6497. 6935. 6996. 7197. 7160. 7381. 7461. 7609. 7633. 7880. 7759.
 7885. 8079. 7926. 8075. 8240. 8239. 8190. 8309. 8272. 8319. 8448. 8224.
 8501. 8572. 8675. 8422. 8633. 8577. 8739. 8501. 8691. 5973. 6197. 6105.
 6195. 6207. 6075. 6260. 6057. 6187. 6044. 6193. 6214. 6164. 6224. 6206.
 6259. 6334. 6399. 6023. 6143. 6113. 6286. 6259. 6266. 6239. 6264. 6218.
 6281. 6135. 6352. 6297. 6347. 6388. 6270. 6374. 6217. 6210. 6435. 6344.
 6278. 6273. 6366. 6232. 6366. 6443. 6297. 6321. 6394. 6339. 6280.  190.
  190.  193.  179.  179.  205.  206.  182.  199.  201.  210.  196.  188.
  205.  177.  214.  202.  192.  172.  186.  189.  194.  194.  212.  192.
  178.  204.  190.  184.  176.  190.  179.  193.  186.  182.  194.  192.
  178.  175.  191.  178.  188.  214.  171.  170.  223.  207.  208.  201.
  186.]
Total events this file: 111935
Total events saved: 637525, Saved this file: 24552, Finsihed file: /mnt/scratch/micall12/training_files/NuMu_140000_000178_level2_sim3.zst_precleaning_lt200_NOvertex_IC19.hdf5
[   0.    0.    0.    0.    0.    0.    0. 5338. 5585. 5998. 6289. 6353.
 6821. 6786. 7198. 7278. 7480. 7453. 7664. 7767. 7892. 7928. 8189. 8087.
 8199. 8378. 8265. 8397. 8541. 8533. 8462. 8600. 8622. 8639. 8763. 8537.
 8856. 8904. 9002. 8729. 8966. 8918. 9060. 8816. 9036. 6215. 6439. 6355.
 6471. 6475. 6324. 6536. 6330. 6462. 6275. 6421. 6461. 6438. 6509. 6482.
 6506. 6577. 6656. 6276. 6405. 6384. 6569. 6517. 6529. 6495. 6511. 6488.
 6574. 6396. 6626. 6557. 6614. 6658. 6533. 6650. 6462. 6503. 6711. 6615.
 6528. 6541. 6634. 6516. 6669. 6714. 6553. 6602. 6679. 6599. 6571.  190.
  190.  193.  179.  179.  205.  206.  182.  199.  201.  210.  196.  188.
  205.  177.  214.  202.  192.  172.  186.  189.  194.  194.  212.  192.
  178.  204.  190.  184.  176.  190.  179.  193.  186.  182.  194.  192.
  178.  175.  191.  178.  188.  214.  171.  170.  223.  207.  208.  201.
  186.]
Total events this file: 137115
Total events saved: 665187, Saved this file: 27662, Finsihed file: /mnt/scratch/micall12/training_files/NuMu_140000_000179_level2_sim3.zst_precleaning_lt200_NOvertex_IC19.hdf5
[   0.    0.    0.    0.    0.    0.    0. 5522. 5802. 6198. 6509. 6594.
 7025. 7022. 7475. 7546. 7729. 7729. 7947. 8028. 8201. 8259. 8519. 8409.
 8517. 8679. 8609. 8703. 8829. 8846. 8783. 8930. 8929. 8970. 9108. 8855.
 9210. 9228. 9339. 9048. 9289. 9249. 9408. 9177. 9347. 6479. 6692. 6604.
 6733. 6722. 6576. 6782. 6586. 6712. 6541. 6692. 6729. 6705. 6785. 6712.
 6760. 6850. 6926. 6556. 6688. 6646. 6828. 6780. 6808. 6733. 6773. 6737.
 6833. 6658. 6902. 6814. 6901. 6936. 6791. 6900. 6728. 6749. 6963. 6890.
 6815. 6808. 6871. 6791. 6945. 6990. 6809. 6846. 6925. 6914. 6843.  261.
  259.  268.  237.  234.  266.  276.  255.  271.  264.  269.  242.  253.
  272.  239.  286.  267.  258.  231.  251.  251.  279.  258.  269.  260.
  237.  271.  260.  249.  232.  261.  254.  270.  238.  253.  247.  258.
  247.  245.  259.  255.  246.  283.  231.  240.  279.  294.  268.  258.
  252.]
Total events this file: 141240
Total events saved: 689381, Saved this file: 24194, Finsihed file: /mnt/scratch/micall12/training_files/NuMu_140000_000180_level2_sim3.zst_precleaning_lt200_NOvertex_IC19.hdf5
[   0.    0.    0.    0.    0.    0.    0. 5726. 6015. 6441. 6744. 6818.
 7253. 7283. 7767. 7838. 7981. 8014. 8260. 8329. 8485. 8526. 8840. 8723.
 8808. 8964. 8914. 8997. 9128. 9171. 9110. 9256. 9268. 9271. 9453. 9169.
 9520. 9577. 9659. 9401. 9622. 9580. 9732. 9484. 9688. 6724. 6906. 6872.
 6995. 6968. 6837. 7054. 6821. 6989. 6799. 6952. 6965. 6940. 7015. 6970.
 7023. 7102. 7176. 6806. 6940. 6934. 7091. 7056. 7073. 6999. 7038. 6980.
 7069. 6917. 7157. 7084. 7172. 7198. 7082. 7131. 7007. 6966. 7203. 7173.
 7097. 7069. 7158. 7064. 7179. 7267. 7078. 7109. 7204. 7201. 7093.  261.
  259.  268.  237.  234.  266.  276.  255.  271.  264.  269.  242.  253.
  272.  239.  286.  267.  258.  231.  251.  251.  279.  258.  269.  260.
  237.  271.  260.  249.  232.  261.  254.  270.  238.  253.  247.  258.
  247.  245.  259.  255.  246.  283.  231.  240.  279.  294.  268.  258.
  252.]
Total events this file: 140689
Total events saved: 713450, Saved this file: 24069, Finsihed file: /mnt/scratch/micall12/training_files/NuMu_140000_000181_level2_sim3.zst_precleaning_lt200_NOvertex_IC19.hdf5
[    0.     0.     0.     0.     0.     0.     0.  5915.  6219.  6666.
  6964.  7075.  7491.  7507.  8038.  8105.  8271.  8277.  8533.  8589.
  8789.  8836.  9130.  9026.  9121.  9242.  9223.  9313.  9430.  9481.
  9428.  9559.  9590.  9619.  9766.  9475.  9867.  9912.  9990.  9730.
  9981.  9896. 10083.  9797. 10028.  6971.  7172.  7143.  7255.  7216.
  7072.  7313.  7074.  7260.  7083.  7211.  7207.  7190.  7291.  7225.
  7272.  7371.  7437.  7090.  7194.  7195.  7333.  7314.  7338.  7275.
  7320.  7222.  7295.  7174.  7417.  7336.  7455.  7448.  7336.  7377.
  7255.  7227.  7481.  7420.  7379.  7332.  7439.  7312.  7437.  7505.
  7363.  7355.  7455.  7467.  7316.   261.   259.   268.   237.   234.
   266.   276.   255.   271.   264.   269.   242.   253.   272.   239.
   286.   267.   258.   231.   251.   251.   279.   258.   269.   260.
   237.   271.   260.   249.   232.   261.   254.   270.   238.   253.
   247.   258.   247.   245.   259.   255.   246.   283.   231.   240.
   279.   294.   268.   258.   252.]
Total events this file: 102306
Total events saved: 726388, Saved this file: 12938, Finsihed file: /mnt/scratch/micall12/training_files/NuMu_140000_000182_level2_sim3.zst_precleaning_lt200_NOvertex_IC19.hdf5
[    0.     0.     0.     0.     0.     0.     0.  5915.  6219.  6666.
  6964.  7075.  7491.  7507.  8038.  8105.  8271.  8277.  8533.  8589.
  8789.  8836.  9130.  9026.  9121.  9242.  9223.  9313.  9430.  9481.
  9428.  9559.  9590.  9619.  9766.  9475.  9867.  9912.  9990.  9730.
  9981.  9896. 10083.  9797. 10028.  7233.  7412.  7410.  7518.  7457.
  7338.  7585.  7321.  7518.  7332.  7472.  7452.  7421.  7552.  7485.
  7521.  7637.  7704.  7349.  7459.  7474.  7559.  7566.  7600.  7577.
  7577.  7477.  7562.  7450.  7653.  7593.  7709.  7685.  7574.  7634.
  7505.  7485.  7709.  7689.  7632.  7596.  7706.  7561.  7698.  7791.
  7614.  7671.  7718.  7750.  7572.   261.   259.   268.   237.   234.
   266.   276.   255.   271.   264.   269.   242.   253.   272.   239.
   286.   267.   258.   231.   251.   251.   279.   258.   269.   260.
   237.   271.   260.   249.   232.   261.   254.   270.   238.   253.
   247.   258.   247.   245.   259.   255.   246.   283.   231.   240.
   279.   294.   268.   258.   252.]
Total events this file: 141297
Total events saved: 750717, Saved this file: 24329, Finsihed file: /mnt/scratch/micall12/training_files/NuMu_140000_000183_level2_sim3.zst_precleaning_lt200_NOvertex_IC19.hdf5
[    0.     0.     0.     0.     0.     0.     0.  6140.  6426.  6900.
  7224.  7305.  7718.  7761.  8326.  8413.  8531.  8573.  8829.  8877.
  9083.  9134.  9417.  9356.  9385.  9590.  9562.  9631.  9756.  9790.
  9740.  9888.  9917.  9953. 10083.  9796. 10175. 10217. 10326. 10029.
 10341. 10224. 10430. 10145. 10345.  7495.  7664.  7669.  7752.  7719.
  7602.  7800.  7592.  7795.  7593.  7726.  7726.  7674.  7806.  7745.
  7797.  7895.  7982.  7595.  7719.  7723.  7816.  7819.  7882.  7815.
  7820.  7755.  7816.  7732.  7941.  7865.  7962.  7934.  7855.  7895.
  7761.  7738.  7970.  7958.  7894.  7868.  7964.  7828.  7951.  8033.
  7858.  7914.  7972.  8010.  7823.   261.   259.   268.   237.   234.
   266.   276.   255.   271.   264.   269.   242.   253.   272.   239.
   286.   267.   258.   231.   251.   251.   279.   258.   269.   260.
   237.   271.   260.   249.   232.   261.   254.   270.   238.   253.
   247.   258.   247.   245.   259.   255.   246.   283.   231.   240.
   279.   294.   268.   258.   252.]
Total events this file: 111540
Total events saved: 774708, Saved this file: 23991, Finsihed file: /mnt/scratch/micall12/training_files/NuMu_140000_000184_level2_sim3.zst_precleaning_lt200_NOvertex_IC19.hdf5
[    0.     0.     0.     0.     0.     0.     0.  6333.  6629.  7139.
  7440.  7533.  7959.  8025.  8580.  8659.  8810.  8862.  9102.  9144.
  9373.  9436.  9707.  9666.  9690.  9862.  9872.  9925. 10076. 10135.
 10042. 10215. 10269. 10291. 10391. 10106. 10500. 10529. 10617. 10357.
 10682. 10542. 10754. 10479. 10688.  7770.  7936.  7902.  8007.  7962.
  7868.  8069.  7857.  8049.  7860.  7939.  7986.  7934.  8049.  7998.
  8049.  8125.  8228.  7865.  7975.  7980.  8054.  8088.  8147.  8061.
  8069.  8034.  8074.  7983.  8214.  8150.  8221.  8182.  8128.  8152.
  8043.  8019.  8216.  8223.  8155.  8111.  8222.  8108.  8175.  8292.
  8112.  8196.  8230.  8288.  8071.   261.   259.   268.   237.   234.
   266.   276.   255.   271.   264.   269.   242.   253.   272.   239.
   286.   267.   258.   231.   251.   251.   279.   258.   269.   260.
   237.   271.   260.   249.   232.   261.   254.   270.   238.   253.
   247.   258.   247.   245.   259.   255.   246.   283.   231.   240.
   279.   294.   268.   258.   252.]
Total events this file: 162319
Total events saved: 801689, Saved this file: 26981, Finsihed file: /mnt/scratch/micall12/training_files/NuMu_140000_000185_level2_sim3.zst_precleaning_lt200_NOvertex_IC19.hdf5
[    0.     0.     0.     0.     0.     0.     0.  6545.  6822.  7358.
  7668.  7768.  8224.  8292.  8839.  8953.  9073.  9140.  9381.  9432.
  9687.  9752. 10004.  9947.  9978. 10155. 10201. 10210. 10385. 10460.
 10337. 10552. 10578. 10606. 10729. 10431. 10818. 10848. 10929. 10692.
 11033. 10896. 11097. 10839. 11016.  8031.  8198.  8160.  8258.  8201.
  8128.  8345.  8103.  8329.  8130.  8173.  8258.  8217.  8297.  8257.
  8326.  8378.  8491.  8121.  8246.  8227.  8315.  8372.  8404.  8322.
  8349.  8273.  8356.  8212.  8470.  8416.  8486.  8442.  8385.  8388.
  8303.  8278.  8490.  8478.  8429.  8378.  8482.  8392.  8439.  8550.
  8359.  8444.  8480.  8548.  8358.   319.   313.   324.   290.   293.
   330.   332.   309.   330.   314.   320.   290.   306.   341.   297.
   332.   307.   309.   289.   304.   320.   328.   314.   310.   304.
   287.   314.   303.   298.   290.   324.   318.   324.   285.   304.
   292.   308.   297.   293.   317.   313.   303.   332.   290.   297.
   328.   350.   324.   324.   302.]
Total events this file: 132650
Total events saved: 828479, Saved this file: 26790, Finsihed file: /mnt/scratch/micall12/training_files/NuMu_140000_000186_level2_sim3.zst_precleaning_lt200_NOvertex_IC19.hdf5
[    0.     0.     0.     0.     0.     0.     0.  6747.  7050.  7564.
  7906.  8004.  8466.  8539.  9094.  9213.  9343.  9408.  9636.  9726.
  9964. 10072. 10276. 10232. 10272. 10461. 10506. 10521. 10709. 10778.
 10645. 10838. 10923. 10936. 11036. 10774. 11154. 11213. 11263. 11040.
 11375. 11227. 11419. 11167. 11326.  8285.  8453.  8419.  8554.  8434.
  8369.  8593.  8338.  8587.  8389.  8432.  8503.  8465.  8568.  8509.
  8570.  8655.  8750.  8385.  8485.  8498.  8546.  8633.  8653.  8591.
  8609.  8543.  8619.  8467.  8742.  8682.  8746.  8710.  8652.  8659.
  8581.  8532.  8760.  8710.  8680.  8666.  8761.  8656.  8699.  8802.
  8632.  8716.  8742.  8831.  8631.   374.   359.   371.   328.   325.
   369.   392.   369.   386.   367.   383.   340.   363.   397.   342.
   379.   348.   369.   349.   355.   361.   370.   367.   367.   360.
   336.   373.   353.   345.   344.   383.   380.   382.   325.   364.
   336.   370.   358.   335.   380.   366.   364.   380.   337.   342.
   382.   425.   378.   378.   358.]
Total events this file: 161931
Total events saved: 855245, Saved this file: 26766, Finsihed file: /mnt/scratch/micall12/training_files/NuMu_140000_000187_level2_sim3.zst_precleaning_lt200_NOvertex_IC19.hdf5
[    0.     0.     0.     0.     0.     0.     0.  6949.  7265.  7775.
  8133.  8246.  8720.  8784.  9372.  9514.  9647.  9676.  9917. 10012.
 10258. 10360. 10557. 10558. 10567. 10769. 10832. 10872. 11001. 11115.
 10956. 11167. 11248. 11248. 11367. 11124. 11465. 11525. 11602. 11358.
 11681. 11541. 11752. 11501. 11614.  8551.  8689.  8687.  8797.  8685.
  8634.  8844.  8629.  8869.  8627.  8653.  8774.  8702.  8821.  8768.
  8819.  8900.  8993.  8644.  8721.  8728.  8789.  8894.  8943.  8829.
  8880.  8792.  8872.  8727.  9004.  8950.  9014.  8975.  8919.  8925.
  8846.  8782.  8990.  8971.  8949.  8950.  9037.  8909.  8955.  9071.
  8882.  8994.  8998.  9113.  8911.   432.   417.   423.   382.   378.
   409.   430.   416.   442.   426.   439.   391.   414.   444.   396.
   424.   408.   429.   394.   422.   409.   417.   429.   437.   402.
   389.   421.   412.   395.   403.   432.   440.   429.   386.   419.
   379.   425.   409.   388.   429.   409.   412.   428.   396.   395.
   441.   473.   422.   433.   416.]
Total events this file: 121023
Total events saved: 880709, Saved this file: 25464, Finsihed file: /mnt/scratch/micall12/training_files/NuMu_140000_000188_level2_sim3.zst_precleaning_lt200_NOvertex_IC19.hdf5
[    0.     0.     0.     0.     0.     0.     0.  7148.  7464.  7981.
  8372.  8451.  8980.  9042.  9628.  9799.  9943.  9979. 10218. 10293.
 10545. 10645. 10843. 10868. 10850. 11074. 11146. 11171. 11347. 11410.
 11280. 11501. 11560. 11599. 11717. 11470. 11789. 11869. 11933. 11702.
 12014. 11861. 12110. 11817. 11934.  8811.  8940.  8941.  9063.  8951.
  8911.  9068.  8889.  9117.  8914.  8913.  9051.  8969.  9081.  9032.
  9065.  9162.  9259.  8885.  8991.  8996.  9049.  9154.  9209.  9067.
  9142.  9051.  9131.  8992.  9284.  9204.  9270.  9222.  9204.  9189.
  9122.  9041.  9236.  9238.  9238.  9199.  9310.  9170.  9191.  9317.
  9128.  9264.  9281.  9385.  9172.   451.   431.   442.   410.   395.
   424.   470.   439.   462.   444.   460.   413.   427.   469.   413.
   444.   447.   447.   419.   444.   431.   437.   451.   463.   423.
   415.   437.   432.   416.   430.   453.   465.   447.   409.   443.
   400.   454.   429.   413.   453.   425.   434.   453.   416.   408.
   467.   492.   450.   451.   439.]
Total events this file: 157976
Total events saved: 907377, Saved this file: 26668, Finsihed file: /mnt/scratch/micall12/training_files/NuMu_140000_000189_level2_sim3.zst_precleaning_lt200_NOvertex_IC19.hdf5
[    0.     0.     0.     0.     0.     0.     0.  7365.  7675.  8209.
  8582.  8689.  9238.  9300.  9891. 10077. 10256. 10254. 10473. 10560.
 10817. 10926. 11129. 11169. 11112. 11408. 11491. 11453. 11676. 11714.
 11597. 11811. 11884. 11906. 12056. 11775. 12101. 12186. 12275. 12034.
 12365. 12229. 12463. 12149. 12299.  9051.  9189.  9198.  9306.  9212.
  9163.  9330.  9150.  9388.  9149.  9179.  9304.  9197.  9337.  9327.
  9308.  9419.  9514.  9110.  9264.  9249.  9306.  9413.  9459.  9334.
  9392.  9302.  9373.  9255.  9545.  9455.  9497.  9484.  9477.  9440.
  9379.  9316.  9492.  9504.  9478.  9447.  9581.  9439.  9477.  9611.
  9368.  9555.  9560.  9638.  9430.   505.   478.   484.   468.   445.
   475.   522.   493.   519.   496.   527.   463.   471.   524.   461.
   486.   490.   491.   477.   483.   474.   490.   504.   526.   474.
   466.   492.   469.   463.   493.   497.   530.   490.   461.   487.
   447.   501.   478.   463.   501.   471.   480.   499.   467.   457.
   521.   549.   504.   518.   502.]
Total events this file: 161751
Total events saved: 934089, Saved this file: 26712, Finsihed file: /mnt/scratch/micall12/training_files/NuMu_140000_000190_level2_sim3.zst_precleaning_lt200_NOvertex_IC19.hdf5
[    0.     0.     0.     0.     0.     0.     0.  7559.  7843.  8451.
  8845.  8928.  9492.  9545. 10122. 10362. 10533. 10530. 10773. 10846.
 11109. 11226. 11406. 11467. 11435. 11707. 11784. 11766. 11965. 12016.
 11907. 12090. 12196. 12245. 12397. 12119. 12425. 12509. 12608. 12347.
 12670. 12552. 12787. 12486. 12630.  9315.  9452.  9435.  9565.  9467.
  9437.  9574.  9402.  9629.  9420.  9438.  9572.  9462.  9582.  9609.
  9576.  9693.  9781.  9367.  9518.  9491.  9589.  9674.  9700.  9591.
  9646.  9558.  9650.  9515.  9812.  9735.  9771.  9773.  9746.  9708.
  9627.  9586.  9756.  9772.  9738.  9704.  9814.  9722.  9749.  9875.
  9647.  9820.  9808.  9920.  9674.   558.   525.   535.   519.   498.
   523.   576.   547.   566.   551.   563.   514.   516.   566.   505.
   546.   529.   558.   537.   532.   524.   543.   542.   576.   532.
   525.   543.   517.   500.   536.   549.   585.   544.   521.   540.
   499.   538.   529.   505.   555.   517.   539.   557.   508.   512.
   565.   596.   556.   577.   552.]
Total events this file: 133733
Total events saved: 961240, Saved this file: 27151, Finsihed file: /mnt/scratch/micall12/training_files/NuMu_140000_000191_level2_sim3.zst_precleaning_lt200_NOvertex_IC19.hdf5
[    0.     0.     0.     0.     0.     0.     0.  7780.  8050.  8674.
  9078.  9142.  9736.  9826. 10361. 10627. 10806. 10809. 11056. 11142.
 11391. 11537. 11697. 11783. 11736. 12000. 12111. 12069. 12282. 12335.
 12201. 12412. 12507. 12538. 12720. 12441. 12755. 12853. 12922. 12686.
 13030. 12875. 13137. 12842. 12956.  9594.  9705.  9709.  9829.  9759.
  9702.  9823.  9657.  9904.  9681.  9687.  9818.  9724.  9848.  9871.
  9810.  9961. 10034.  9626.  9761.  9761.  9860.  9961.  9938.  9889.
  9917.  9832.  9915.  9790. 10048. 10034. 10021. 10038. 10018.  9967.
  9899.  9871. 10007. 10061. 10000.  9978. 10095.  9991. 10014. 10130.
  9910. 10078. 10084. 10155.  9954.   618.   565.   585.   562.   552.
   576.   630.   616.   621.   603.   633.   568.   570.   609.   565.
   584.   584.   618.   594.   589.   583.   609.   593.   616.   584.
   572.   595.   583.   558.   600.   614.   633.   586.   574.   593.
   544.   588.   582.   572.   612.   541.   596.   620.   552.   559.
   622.   641.   609.   645.   600.]
Total events this file: 134535
Total events saved: 988073, Saved this file: 26833, Finsihed file: /mnt/scratch/micall12/training_files/NuMu_140000_000192_level2_sim3.zst_precleaning_lt200_NOvertex_IC19.hdf5
[    0.     0.     0.     0.     0.     0.     0.  7981.  8267.  8912.
  9325.  9380.  9992. 10044. 10626. 10917. 11089. 11074. 11322. 11402.
 11696. 11819. 12042. 12093. 12028. 12299. 12417. 12387. 12577. 12630.
 12538. 12738. 12833. 12880. 13021. 12760. 13099. 13177. 13233. 13018.
 13335. 13188. 13447. 13212. 13244.  9823.  9978.  9963. 10051. 10004.
  9967. 10072.  9893. 10154.  9952.  9933. 10086.  9958. 10107. 10142.
 10063. 10222. 10317.  9889. 10010. 10017. 10120. 10208. 10201. 10147.
 10166. 10090. 10180. 10057. 10276. 10285. 10271. 10311. 10259. 10205.
 10163. 10130. 10274. 10325. 10294. 10237. 10390. 10261. 10275. 10379.
 10183. 10326. 10347. 10409. 10246.   669.   617.   646.   614.   604.
   628.   685.   669.   675.   654.   688.   632.   623.   664.   622.
   638.   642.   669.   660.   652.   643.   661.   644.   669.   643.
   630.   641.   642.   610.   657.   670.   686.   652.   625.   648.
   594.   651.   644.   623.   670.   600.   650.   690.   614.   638.
   673.   697.   661.   686.   652.]
Total events this file: 137176
Total events saved: 1015453, Saved this file: 27380, Finsihed file: /mnt/scratch/micall12/training_files/NuMu_140000_000193_level2_sim3.zst_precleaning_lt200_NOvertex_IC19.hdf5
[    0.     0.     0.     0.     0.     0.     0.  8194.  8473.  9158.
  9558.  9631. 10270. 10326. 10880. 11198. 11328. 11320. 11595. 11712.
 11985. 12117. 12340. 12394. 12315. 12610. 12712. 12698. 12902. 12927.
 12839. 13044. 13177. 13203. 13336. 13072. 13448. 13498. 13557. 13336.
 13687. 13513. 13787. 13537. 13580. 10075. 10240. 10223. 10305. 10287.
 10241. 10319. 10170. 10414. 10203. 10215. 10334. 10202. 10353. 10399.
 10309. 10481. 10530. 10124. 10288. 10233. 10383. 10445. 10456. 10398.
 10434. 10372. 10453. 10303. 10540. 10563. 10522. 10580. 10525. 10469.
 10404. 10420. 10535. 10617. 10564. 10512. 10655. 10509. 10536. 10649.
 10430. 10575. 10609. 10679. 10495.   729.   699.   712.   681.   669.
   677.   735.   729.   740.   711.   758.   702.   680.   733.   685.
   705.   709.   737.   731.   710.   713.   733.   711.   742.   702.
   687.   694.   719.   665.   729.   738.   762.   698.   685.   712.
   658.   724.   706.   688.   738.   659.   719.   772.   669.   707.
   730.   751.   712.   743.   721.]
Total events this file: 137871
Total events saved: 1043098, Saved this file: 27645, Finsihed file: /mnt/scratch/micall12/training_files/NuMu_140000_000194_level2_sim3.zst_precleaning_lt200_NOvertex_IC19.hdf5
[    0.     0.     0.     0.     0.     0.     0.  8389.  8696.  9373.
  9797.  9869. 10506. 10588. 11165. 11481. 11588. 11574. 11880. 11989.
 12276. 12406. 12656. 12702. 12632. 12906. 13030. 13047. 13235. 13244.
 13157. 13366. 13497. 13530. 13661. 13381. 13821. 13835. 13904. 13651.
 14054. 13811. 14133. 13896. 13927. 10319. 10491. 10448. 10584. 10548.
 10489. 10579. 10411. 10657. 10462. 10492. 10606. 10446. 10618. 10674.
 10540. 10733. 10791. 10380. 10564. 10535. 10657. 10719. 10703. 10667.
 10704. 10599. 10708. 10548. 10824. 10834. 10810. 10845. 10782. 10718.
 10675. 10701. 10785. 10897. 10849. 10784. 10913. 10770. 10815. 10893.
 10676. 10827. 10840. 10901. 10803.   796.   755.   776.   733.   732.
   739.   795.   808.   811.   774.   819.   791.   755.   793.   742.
   762.   762.   794.   795.   780.   779.   795.   770.   806.   759.
   761.   769.   778.   714.   783.   802.   822.   746.   751.   781.
   710.   793.   784.   767.   809.   724.   787.   835.   734.   787.
   795.   824.   761.   809.   784.]
Total events this file: 128197
Total events saved: 1059262, Saved this file: 16164, Finsihed file: /mnt/scratch/micall12/training_files/NuMu_140000_000195_level2_sim3.zst_precleaning_lt200_NOvertex_IC19.hdf5
[    0.     0.     0.     0.     0.     0.     0.  8389.  8696.  9373.
  9797.  9869. 10506. 10588. 11165. 11481. 11588. 11574. 11880. 11989.
 12276. 12406. 12656. 12702. 12632. 12906. 13030. 13047. 13235. 13244.
 13157. 13366. 13497. 13530. 13661. 13381. 13821. 13835. 13904. 13651.
 14054. 13811. 14133. 13896. 13927. 10584. 10715. 10721. 10845. 10792.
 10750. 10833. 10662. 10930. 10711. 10778. 10877. 10730. 10897. 10938.
 10801. 10998. 11063. 10634. 10833. 10817. 10914. 10932. 10961. 10895.
 10999. 10840. 10989. 10829. 11092. 11121. 11059. 11112. 11030. 10983.
 10916. 10964. 11024. 11161. 11099. 11034. 11175. 11026. 11079. 11148.
 10934. 11071. 11107. 11156. 11064.   857.   814.   848.   798.   794.
   807.   848.   868.   882.   820.   900.   867.   817.   861.   804.
   820.   840.   865.   850.   841.   839.   866.   840.   874.   833.
   824.   820.   831.   775.   836.   869.   881.   804.   812.   846.
   769.   859.   862.   827.   853.   790.   859.   904.   796.   845.
   846.   888.   828.   863.   846.]
Total events this file: 137893
Total events saved: 1086613, Saved this file: 27351, Finsihed file: /mnt/scratch/micall12/training_files/NuMu_140000_000196_level2_sim3.zst_precleaning_lt200_NOvertex_IC19.hdf5
[    0.     0.     0.     0.     0.     0.     0.  8573.  8923.  9582.
 10059. 10115. 10774. 10830. 11422. 11760. 11873. 11889. 12179. 12307.
 12585. 12690. 12950. 13042. 12911. 13226. 13351. 13382. 13538. 13559.
 13491. 13675. 13847. 13874. 13999. 13713. 14120. 14173. 14213. 13956.
 14369. 14155. 14467. 14203. 14253. 10822. 10967. 10951. 11120. 11050.
 11006. 11086. 10920. 11242. 10931. 11019. 11123. 10994. 11142. 11189.
 11041. 11274. 11318. 10863. 11096. 11077. 11161. 11171. 11207. 11146.
 11267. 11127. 11251. 11107. 11385. 11353. 11324. 11385. 11279. 11241.
 11180. 11201. 11296. 11457. 11356. 11287. 11453. 11269. 11332. 11414.
 11204. 11334. 11354. 11410. 11341.   911.   891.   919.   869.   856.
   865.   908.   919.   942.   881.   961.   920.   878.   931.   874.
   876.   906.   918.   918.   909.   906.   920.   911.   943.   898.
   880.   873.   904.   826.   893.   927.   932.   872.   879.   905.
   828.   921.   920.   895.   938.   849.   918.   969.   860.   901.
   906.   940.   871.   926.   899.]
Total events this file: 137518
Total events saved: 1114401, Saved this file: 27788, Finsihed file: /mnt/scratch/micall12/training_files/NuMu_140000_000197_level2_sim3.zst_precleaning_lt200_NOvertex_IC19.hdf5
[    0.     0.     0.     0.     0.     0.     0.  8792.  9145.  9801.
 10290. 10372. 11041. 11113. 11692. 12013. 12179. 12182. 12463. 12616.
 12877. 12998. 13267. 13323. 13242. 13532. 13677. 13696. 13873. 13838.
 13815. 13983. 14169. 14198. 14344. 14047. 14459. 14474. 14524. 14279.
 14722. 14474. 14815. 14547. 14588. 11088. 11222. 11218. 11401. 11288.
 11227. 11366. 11166. 11469. 11191. 11271. 11393. 11259. 11375. 11438.
 11304. 11537. 11566. 11140. 11380. 11354. 11448. 11415. 11447. 11415.
 11501. 11404. 11504. 11350. 11662. 11614. 11577. 11677. 11531. 11484.
 11441. 11463. 11558. 11704. 11620. 11563. 11719. 11567. 11605. 11665.
 11473. 11605. 11602. 11690. 11588.   980.   958.   989.   926.   921.
   937.   960.   985.  1006.   942.  1021.   990.   948.  1009.   944.
   938.   980.   990.   978.   978.   968.   989.   972.  1011.   975.
   950.   951.   971.   892.   953.   977.   992.   921.   955.   974.
   917.   994.   983.   971.  1004.   910.   973.  1042.   929.   967.
   981.   991.   939.   995.   969.]
Total events this file: 127997
Total events saved: 1130521, Saved this file: 16120, Finsihed file: /mnt/scratch/micall12/training_files/NuMu_140000_000198_level2_sim3.zst_precleaning_lt200_NOvertex_IC19.hdf5
[    0.     0.     0.     0.     0.     0.     0.  8792.  9145.  9801.
 10290. 10372. 11041. 11113. 11692. 12013. 12179. 12182. 12463. 12616.
 12877. 12998. 13267. 13323. 13242. 13532. 13677. 13696. 13873. 13838.
 13815. 13983. 14169. 14198. 14344. 14047. 14459. 14474. 14524. 14279.
 14722. 14474. 14815. 14547. 14588. 11358. 11484. 11460. 11641. 11523.
 11489. 11611. 11432. 11726. 11457. 11543. 11613. 11524. 11609. 11704.
 11570. 11801. 11822. 11395. 11607. 11622. 11711. 11659. 11701. 11673.
 11758. 11657. 11753. 11613. 11917. 11870. 11842. 11939. 11800. 11758.
 11698. 11711. 11820. 11966. 11901. 11809. 11982. 11839. 11842. 11934.
 11735. 11876. 11874. 11975. 11844.  1051.  1017.  1061.   998.   988.
   996.  1015.  1044.  1060.  1000.  1082.  1068.  1015.  1075.  1002.
  1009.  1056.  1048.  1042.  1041.  1029.  1052.  1024.  1078.  1049.
  1015.  1018.  1029.   955.  1016.  1050.  1064.   981.  1019.  1046.
   985.  1052.  1043.  1051.  1073.   989.  1025.  1100.   984.  1032.
  1046.  1056.   997.  1049.  1038.]
Total events this file: 98726
Total events saved: 1146599, Saved this file: 16078, Finsihed file: /mnt/scratch/micall12/training_files/NuMu_140000_000199_level2_sim3.zst_precleaning_lt200_NOvertex_IC19.hdf5
[    0.     0.     0.     0.     0.     0.     0.  8792.  9145.  9801.
 10290. 10372. 11041. 11113. 11692. 12013. 12179. 12182. 12463. 12616.
 12877. 12998. 13267. 13323. 13242. 13532. 13677. 13696. 13873. 13838.
 13815. 13983. 14169. 14198. 14344. 14047. 14459. 14474. 14524. 14279.
 14722. 14474. 14815. 14547. 14588. 11617. 11715. 11741. 11904. 11764.
 11771. 11876. 11701. 11970. 11711. 11815. 11852. 11789. 11875. 11927.
 11800. 12057. 12058. 11682. 11861. 11881. 11965. 11885. 11954. 11950.
 12008. 11925. 12030. 11894. 12202. 12104. 12112. 12189. 12067. 11990.
 11953. 11973. 12117. 12223. 12148. 12056. 12239. 12083. 12092. 12213.
 12009. 12144. 12137. 12235. 12088.  1110.  1089.  1131.  1059.  1050.
  1060.  1071.  1104.  1129.  1078.  1150.  1127.  1076.  1133.  1061.
  1088.  1121.  1111.  1095.  1106.  1111.  1108.  1075.  1152.  1119.
  1071.  1090.  1081.  1020.  1079.  1113.  1129.  1051.  1098.  1130.
  1040.  1122.  1097.  1114.  1135.  1034.  1087.  1180.  1039.  1090.
  1103.  1113.  1045.  1115.  1097.]
[    0.     0.     0.     0.     0.     0.     0.  8792.  9145.  9801.
 10290. 10372. 11041. 11113. 11692. 12013. 12179. 12182. 12463. 12616.
 12877. 12998. 13267. 13323. 13242. 13532. 13677. 13696. 13873. 13838.
 13815. 13983. 14169. 14198. 14344. 14047. 14459. 14474. 14524. 14279.
 14722. 14474. 14815. 14547. 14588. 11617. 11715. 11741. 11904. 11764.
 11771. 11876. 11701. 11970. 11711. 11815. 11852. 11789. 11875. 11927.
 11800. 12057. 12058. 11682. 11861. 11881. 11965. 11885. 11954. 11950.
 12008. 11925. 12030. 11894. 12202. 12104. 12112. 12189. 12067. 11990.
 11953. 11973. 12117. 12223. 12148. 12056. 12239. 12083. 12092. 12213.
 12009. 12144. 12137. 12235. 12088.  1110.  1089.  1131.  1059.  1050.
  1060.  1071.  1104.  1129.  1078.  1150.  1127.  1076.  1133.  1061.
  1088.  1121.  1111.  1095.  1106.  1111.  1108.  1075.  1152.  1119.
  1071.  1090.  1081.  1020.  1079.  1113.  1129.  1051.  1098.  1130.
  1040.  1122.  1097.  1114.  1135.  1034.  1087.  1180.  1039.  1090.
  1103.  1113.  1045.  1115.  1097.]
Total events saved: 1146599
I put evnts 0 - 1146599 into /mnt/scratch/micall12/training_files/NuMu_140000_level2_sim3B_IC19_start_DC_precleaninglt150_CC_start_DC_all_end_flat_145bins_30000evtperbin.hdf5
