1 -256.1400146484375 -521.0800170898438
2 -132.8000030517578 -501.45001220703125
3 -9.130000114440918 -481.739990234375
4 114.38999938964844 -461.989990234375
5 237.77999877929688 -442.4200134277344
6 361.0 -422.8299865722656
7 -334.79998779296875 -424.5
8 -211.35000610351562 -404.4800109863281
9 -88.05000305175781 -384.29998779296875
10 35.540000915527344 -364.8299865722656
11 158.94000244140625 -345.2300109863281
12 282.17999267578125 -325.739990234375
13 405.8299865722656 -306.3800048828125
14 -413.4599914550781 -327.2699890136719
15 -290.6600036621094 -307.3800048828125
16 -166.39999389648438 -287.7900085449219
17 -43.27000045776367 -267.5199890136719
18 79.41000366210938 -248.24000549316406
19 210.47000122070312 -209.77000427246094
20 326.8500061035156 -209.07000732421875
21 443.6000061035156 -194.16000366210938
22 -492.42999267578125 -230.16000366210938
23 -368.92999267578125 -210.22999572753906
24 -245.64999389648438 -190.49000549316406
25 -121.7699966430664 -171.02999877929688
26 1.7100000381469727 -150.6300048828125
27 124.97000122070312 -131.25
28 248.14999389648438 -111.87000274658203
29 371.55999755859375 -92.18000030517578
30 500.42999267578125 -58.45000076293945
31 -570.9000244140625 -125.13999938964844
32 -447.739990234375 -113.12999725341797
33 -324.3900146484375 -93.43000030517578
34 -200.5500030517578 -74.02999877929688
35 -77.80000305175781 -54.33000183105469
36 46.290000915527344 -34.880001068115234
37 194.33999633789062 -30.920000076293945
38 292.8999938964844 5.199999809265137
39 411.80999755859375 13.0
40 544.0700073242188 55.88999938964844
41 -526.6300048828125 -15.600000381469727
42 -403.1400146484375 3.490000009536743
43 -279.5299987792969 23.170000076293945
44 -156.22999572753906 43.369998931884766
45 -32.959999084472656 62.439998626708984
46 90.48999786376953 82.3499984741211
47 195.02999877929688 125.58999633789062
48 330.0299987792969 127.19999694824219
49 472.04998779296875 127.9000015258789
50 576.3699951171875 170.9199981689453
51 -481.6000061035156 101.38999938964844
52 -358.44000244140625 120.55999755859375
53 -234.9499969482422 140.44000244140625
54 -111.51000213623047 159.97999572753906
55 11.869999885559082 179.19000244140625
56 132.02999877929688 202.97999572753906
57 257.30999755859375 211.66000366210938
58 382.3500061035156 238.89999389648438
59 505.2699890136719 257.8800048828125
60 -437.0400085449219 217.8000030517578
61 -313.6000061035156 237.44000244140625
62 -189.97999572753906 257.4200134277344
63 -66.69999694824219 276.9200134277344
64 54.2599983215332 292.9700012207031
65 174.47000122070312 315.5400085449219
66 303.4100036621094 335.6400146484375
67 429.760009765625 351.0199890136719
68 -392.3800048828125 334.239990234375
69 -268.8999938964844 354.239990234375
70 -145.4499969482422 374.239990234375
71 -21.969999313354492 393.239990234375
72 101.04000091552734 412.7900085449219
73 224.5800018310547 432.3500061035156
74 338.44000244140625 463.7200012207031
75 -347.8800048828125 451.5199890136719
76 -224.08999633789062 470.8599853515625
77 -101.05999755859375 490.2200012207031
78 22.110000610351562 509.5
79 31.25 -72.93000030517578
80 72.37000274658203 -66.5999984741211
81 41.599998474121094 35.4900016784668
82 106.94000244140625 27.09000015258789
83 113.19000244140625 -60.470001220703125
84 57.20000076293945 -105.5199966430664
85 -9.680000305175781 -79.5
86 -10.970000267028809 6.71999979019165
