36 46.290000915527344 -34.880001068115234 500.9700012207031
36 46.290000915527344 -34.880001068115234 483.95001220703125
36 46.290000915527344 -34.880001068115234 466.92999267578125
36 46.290000915527344 -34.880001068115234 449.9100036621094
36 46.290000915527344 -34.880001068115234 432.8900146484375
36 46.290000915527344 -34.880001068115234 415.8699951171875
36 46.290000915527344 -34.880001068115234 398.8500061035156
36 46.290000915527344 -34.880001068115234 381.8299865722656
36 46.290000915527344 -34.880001068115234 364.80999755859375
36 46.290000915527344 -34.880001068115234 347.7900085449219
36 46.290000915527344 -34.880001068115234 330.7699890136719
36 46.290000915527344 -34.880001068115234 313.75
36 46.290000915527344 -34.880001068115234 296.7300109863281
36 46.290000915527344 -34.880001068115234 279.70001220703125
36 46.290000915527344 -34.880001068115234 262.67999267578125
36 46.290000915527344 -34.880001068115234 245.66000366210938
36 46.290000915527344 -34.880001068115234 228.63999938964844
36 46.290000915527344 -34.880001068115234 211.6199951171875
36 46.290000915527344 -34.880001068115234 194.60000610351562
36 46.290000915527344 -34.880001068115234 177.5800018310547
36 46.290000915527344 -34.880001068115234 160.55999755859375
36 46.290000915527344 -34.880001068115234 143.5399932861328
36 46.290000915527344 -34.880001068115234 126.5199966430664
36 46.290000915527344 -34.880001068115234 109.5
36 46.290000915527344 -34.880001068115234 92.4800033569336
36 46.290000915527344 -34.880001068115234 75.45999908447266
36 46.290000915527344 -34.880001068115234 58.439998626708984
36 46.290000915527344 -34.880001068115234 41.40999984741211
36 46.290000915527344 -34.880001068115234 24.389999389648438
36 46.290000915527344 -34.880001068115234 7.369999885559082
36 46.290000915527344 -34.880001068115234 -9.649999618530273
36 46.290000915527344 -34.880001068115234 -26.670000076293945
36 46.290000915527344 -34.880001068115234 -43.689998626708984
36 46.290000915527344 -34.880001068115234 -60.709999084472656
36 46.290000915527344 -34.880001068115234 -77.7300033569336
36 46.290000915527344 -34.880001068115234 -94.75
36 46.290000915527344 -34.880001068115234 -111.7699966430664
36 46.290000915527344 -34.880001068115234 -128.7899932861328
36 46.290000915527344 -34.880001068115234 -145.80999755859375
36 46.290000915527344 -34.880001068115234 -162.8300018310547
36 46.290000915527344 -34.880001068115234 -179.86000061035156
36 46.290000915527344 -34.880001068115234 -196.8800048828125
36 46.290000915527344 -34.880001068115234 -213.89999389648438
36 46.290000915527344 -34.880001068115234 -230.9199981689453
36 46.290000915527344 -34.880001068115234 -247.94000244140625
36 46.290000915527344 -34.880001068115234 -264.9599914550781
36 46.290000915527344 -34.880001068115234 -281.9800109863281
36 46.290000915527344 -34.880001068115234 -299.0
36 46.290000915527344 -34.880001068115234 -316.0199890136719
36 46.290000915527344 -34.880001068115234 -333.0400085449219
36 46.290000915527344 -34.880001068115234 -350.05999755859375
36 46.290000915527344 -34.880001068115234 -367.0799865722656
36 46.290000915527344 -34.880001068115234 -384.1000061035156
36 46.290000915527344 -34.880001068115234 -401.1300048828125
36 46.290000915527344 -34.880001068115234 -418.1499938964844
36 46.290000915527344 -34.880001068115234 -435.1700134277344
36 46.290000915527344 -34.880001068115234 -452.19000244140625
36 46.290000915527344 -34.880001068115234 -469.2099914550781
36 46.290000915527344 -34.880001068115234 -486.2300109863281
36 46.290000915527344 -34.880001068115234 -503.25
36 37.290000915527344 -57.61000061035156 1946.6400146484375
36 37.58000183105469 -57.11000061035156 1946.6400146484375
36 29.030000686645508 -53.04999923706055 1946.739990234375
36 29.329999923706055 -52.560001373291016 1946.739990234375
