86 -10.970000267028809 6.71999979019165 190.4199981689453
86 -10.970000267028809 6.71999979019165 180.41000366210938
86 -10.970000267028809 6.71999979019165 170.39999389648438
86 -10.970000267028809 6.71999979019165 160.38999938964844
86 -10.970000267028809 6.71999979019165 150.3699951171875
86 -10.970000267028809 6.71999979019165 140.36000061035156
86 -10.970000267028809 6.71999979019165 130.35000610351562
86 -10.970000267028809 6.71999979019165 120.33999633789062
86 -10.970000267028809 6.71999979019165 110.33000183105469
86 -10.970000267028809 6.71999979019165 100.30999755859375
86 -10.970000267028809 6.71999979019165 -157.0
86 -10.970000267028809 6.71999979019165 -164.00999450683594
86 -10.970000267028809 6.71999979019165 -171.02000427246094
86 -10.970000267028809 6.71999979019165 -178.02999877929688
86 -10.970000267028809 6.71999979019165 -185.02999877929688
86 -10.970000267028809 6.71999979019165 -192.0399932861328
86 -10.970000267028809 6.71999979019165 -199.0500030517578
86 -10.970000267028809 6.71999979019165 -206.05999755859375
86 -10.970000267028809 6.71999979019165 -213.07000732421875
86 -10.970000267028809 6.71999979019165 -220.0800018310547
86 -10.970000267028809 6.71999979019165 -227.08999633789062
86 -10.970000267028809 6.71999979019165 -234.08999633789062
86 -10.970000267028809 6.71999979019165 -241.10000610351562
86 -10.970000267028809 6.71999979019165 -248.11000061035156
86 -10.970000267028809 6.71999979019165 -255.1199951171875
86 -10.970000267028809 6.71999979019165 -262.1300048828125
86 -10.970000267028809 6.71999979019165 -269.1400146484375
86 -10.970000267028809 6.71999979019165 -276.1499938964844
86 -10.970000267028809 6.71999979019165 -283.1499938964844
86 -10.970000267028809 6.71999979019165 -290.1600036621094
86 -10.970000267028809 6.71999979019165 -297.1700134277344
86 -10.970000267028809 6.71999979019165 -304.17999267578125
86 -10.970000267028809 6.71999979019165 -311.19000244140625
86 -10.970000267028809 6.71999979019165 -318.20001220703125
86 -10.970000267028809 6.71999979019165 -325.2099914550781
86 -10.970000267028809 6.71999979019165 -332.2099914550781
86 -10.970000267028809 6.71999979019165 -339.2200012207031
86 -10.970000267028809 6.71999979019165 -346.2300109863281
86 -10.970000267028809 6.71999979019165 -353.239990234375
86 -10.970000267028809 6.71999979019165 -360.25
86 -10.970000267028809 6.71999979019165 -367.260009765625
86 -10.970000267028809 6.71999979019165 -374.2699890136719
86 -10.970000267028809 6.71999979019165 -381.2699890136719
86 -10.970000267028809 6.71999979019165 -388.2799987792969
86 -10.970000267028809 6.71999979019165 -395.2900085449219
86 -10.970000267028809 6.71999979019165 -402.29998779296875
86 -10.970000267028809 6.71999979019165 -409.30999755859375
86 -10.970000267028809 6.71999979019165 -416.32000732421875
86 -10.970000267028809 6.71999979019165 -423.3299865722656
86 -10.970000267028809 6.71999979019165 -430.3299865722656
86 -10.970000267028809 6.71999979019165 -437.3399963378906
86 -10.970000267028809 6.71999979019165 -444.3500061035156
86 -10.970000267028809 6.71999979019165 -451.3599853515625
86 -10.970000267028809 6.71999979019165 -458.3699951171875
86 -10.970000267028809 6.71999979019165 -465.3800048828125
86 -10.970000267028809 6.71999979019165 -472.3900146484375
86 -10.970000267028809 6.71999979019165 -479.3900146484375
86 -10.970000267028809 6.71999979019165 -486.3999938964844
86 -10.970000267028809 6.71999979019165 -493.4100036621094
86 -10.970000267028809 6.71999979019165 -500.7300109863281
